0,37,47,12115,6,1,5,0,2,3
1,37,10,67364,0,2,5,4,6
2,5,77,143537,1,2,5,4
3,22,47,13228,1,6,3,0,4
4,6,36,110610,5,2,3
5,17,39,35430,6,3,0,5,1,4
6,17,15,28871,1,0,4,2,6
7,64,77,24221,1,5,0,4,6,3
8,31,37,14175,6,0,1,2,5
9,47,73,13681,6,5,3,0,1,2
10,41,47,800000,4,0,2,6
11,47,37,13417,1,2,4,5
12,22,73,58494,6,2,4,3,1
13,6,30,578147,3,2,5,4,0
14,41,30,434820,0,5,4,1
15,64,39,44018,6,3,4,1,0,2
16,31,61,800000,3,6,0,2
17,0,66,420282,6,1,0,3
18,36,15,18455,5,6,4,0,3
19,12,30,188585,4,1,6,0
20,44,73,57830,5,0,4,3,1,6
21,63,66,800000,3,6,0,2
22,63,36,145434,0,3,1
23,37,39,41153,4,0,3
24,14,50,800000,4,0,2,1,6
25,47,10,12844,0,6,1,2,3
26,42,36,107592,0,5,6
27,41,66,800000,6,1,2,0
28,22,39,45903,5,2,3,4
29,44,36,129719,1,6,4,5
30,44,36,124561,6,5,2
31,44,36,124561,6,5,2
32,14,77,128910,2,4,6,3
33,22,47,13228,1,6,3,0,4
34,36,77,210735,1,4,0
35,41,66,800000,6,0,4,1
36,0,66,460691,1,4,5,3,2,6
37,47,36,198832,3,2,1,6
38,2,10,11259,4,2,6
39,42,73,26334,3,5,0
40,64,61,37634,5,3,0,6,4
41,5,30,612778,0,5,3
42,0,61,473732,3,2,1,6,5
43,63,47,800000,5,2,1
44,47,25,12778,2,6,1,5
45,36,61,321280,1,4,6
46,41,30,434820,0,5,4,1
47,73,39,42487,1,2,5,3,4,6
48,6,47,800000,2,0,4,5
49,41,36,149617,1,5,2,3,4,6
50,73,25,63758,1,4,6,2
51,47,30,800000,0,2,1,6
52,41,77,134641,4,0,5,6
53,36,73,17585,4,0,2,3,1,5
54,12,30,243568,0,4,1,5,2,6
55,17,39,32304,2,4,1,5,0
56,22,77,21275,6,3,2,0,4
57,64,77,23709,1,2,5,4,3,0
58,14,61,800000,3,4,1,2,5,0
59,6,36,138165,1,6,3,0
60,64,30,105276,0,2,4,5,6
61,22,39,41863,0,2,4,1
62,42,77,128695,1,0,6
63,44,36,129719,1,6,4,5
64,37,73,52394,3,4,1,2,6,5
65,5,47,800000,1,0,5,6,2
66,22,39,43270,4,6,3,0,5,1
67,37,61,34228,4,0,1,5,6
68,6,66,800000,6,5,3,1,0
69,36,39,19594,6,5,2,4,1
70,44,47,540115,5,0,3,2,1
71,2,36,154258,6,4,2,5,1,3
72,47,73,13681,6,5,3,0,1,2
73,37,39,41750,6,3,0,4,2,1
74,0,61,419961,3,6,0
75,22,77,21555,0,1,5,4,6
76,42,73,26334,3,5,0
77,47,15,12916,5,1,6,4,3,2
78,36,77,186107,0,2,1,3
79,73,25,52592,5,0,3,6
80,17,15,29586,0,5,1,6
81,31,36,204731,5,6,2
82,17,10,28560,0,3,5,2,6,4
83,14,36,117014,0,1,4,6
84,5,47,800000,1,3,2,5,0,4
85,22,47,13228,1,6,3,0,4
86,73,39,42487,1,2,5,3,4,6
87,12,66,251310,6,1,0
88,5,66,800000,6,1,5
89,37,36,18817,1,6,3,4,5
90,14,61,800000,6,1,0,2
91,31,61,800000,3,6,0,2
92,63,36,158580,6,1,0
93,41,30,417693,5,6,1,0,2,3
94,42,66,609283,6,3,0,4,2
95,36,39,20167,6,5,4,3
96,42,25,24151,6,1,2,0,3
97,41,61,800000,6,0,2,5,1,3
98,36,61,351499,0,3,2,6,1,4
99,64,77,23238,2,0,4
100,31,47,800000,2,4,6,3
101,64,10,99246,0,1,3,6,2,5
102,36,30,262724,1,3,6
103,37,25,61843,5,2,1,6
104,73,61,33732,0,5,3
105,17,30,42246,1,5,2,0
106,12,47,358196,2,6,0,5
107,2,37,10705,3,4,2
108,64,30,101730,5,1,2,0,6,4
109,22,30,73106,0,6,4,5,3,2
110,36,77,186107,0,2,1,3
111,41,50,800000,6,0,2
112,64,10,96867,3,4,6,5,2,1
113,37,73,43148,6,3,5,0,4,1
114,44,77,105052,4,1,0,2,3,6
115,44,37,81950,4,1,3,5,6
116,12,47,363645,1,2,6,5,0
117,6,47,800000,1,5,2,4
118,31,36,176413,0,6,3,1
119,37,61,36976,4,2,3,0,6
120,12,47,363645,1,2,6,5,0
121,36,30,243295,2,3,1
122,42,50,548683,3,4,2,1
123,44,15,98557,4,6,3,0
124,0,36,115446,5,2,3
125,12,61,221044,3,1,0,6,5
126,31,15,16438,6,2,1,4,0,5
127,31,15,16340,1,2,6,3
128,63,36,155914,0,3,4,1,2,5
129,73,15,50111,2,4,1,6
130,6,77,152746,4,6,2,0
131,44,30,800000,5,3,2,4,1,0
132,36,39,19594,6,5,2,4,1
133,47,61,800000,1,5,6,4,3,0
134,17,36,22030,4,0,5,2
135,37,47,11895,2,6,0,3,4
136,36,50,342200,5,6,2,3,1
137,22,10,84701,4,0,6,3,1,2
138,2,66,800000,1,0,3,4,6,5
139,17,73,27186,3,0,6
140,41,66,800000,2,0,3,6,1
141,22,61,36304,6,5,4,3
142,64,37,58120,5,4,2,6,1,0
143,64,15,109086,1,0,4,2
144,0,30,292608,4,3,6,5
145,14,36,108880,6,1,4
146,42,66,609283,6,3,0,4,2
147,37,36,17514,4,3,6,1,0,2
148,37,30,56380,1,4,3,5
149,5,36,157434,1,6,2
150,42,50,378020,0,4,2,1
151,37,73,47366,6,5,2
152,6,61,800000,0,2,5
153,17,15,27926,2,0,6
154,22,10,86168,2,4,1
155,2,66,800000,5,2,6,1
156,2,25,12391,1,5,3,0,4
157,42,77,117599,0,1,2,4,6,3
158,37,47,11029,3,0,1,2
159,14,61,800000,6,2,5
160,17,30,34957,1,2,4,0,5
161,31,47,800000,2,4,6,3
162,6,36,135967,6,4,3
163,73,15,50111,2,4,1,6
164,31,30,800000,5,4,1,0,6,3
165,31,25,16558,2,6,3,1
166,44,25,76286,1,6,4,2
167,44,36,124561,6,5,2
168,2,36,165888,0,3,5,4,6,1
169,17,47,11605,5,4,6
170,22,30,84886,5,3,1,4,6
171,44,30,800000,2,3,6,4,5
172,36,50,292906,3,4,0
173,6,36,110610,5,2,3
174,17,39,35458,2,1,3
175,42,10,27548,4,6,5,2
176,42,50,416721,1,2,3
177,14,36,134335,1,2,4,0,5
178,63,66,800000,5,2,1,0,4
179,12,66,251310,6,1,0
180,44,47,800000,5,3,0,6
181,47,36,218186,1,2,0,5,6
182,41,66,800000,6,0,4,1
183,2,37,11242,5,4,2
184,17,61,32837,5,1,4
185,64,47,12807,3,0,5
186,36,73,17585,4,0,2,3,1,5
187,42,66,474750,5,0,2,4
188,44,50,350240,6,2,3
189,22,47,10955,5,0,4,1
190,2,47,800000,1,2,4,0,5,6
191,73,61,35070,5,4,1,6,3,0
192,64,10,103520,3,5,6,2,0,1
193,2,25,12391,1,5,3,0,4
194,31,10,17157,3,1,0,6,2
195,5,77,142844,3,0,4,1,2
196,22,47,13429,4,0,6,5,2
197,42,25,27719,1,6,2
198,64,30,87849,6,3,0,1,5,4
199,2,10,10501,4,1,0,3,6,5
200,44,30,800000,4,1,0,6
201,22,77,21275,6,3,2,0,4
202,14,30,290887,6,5,0,1,2
203,36,47,354719,4,1,6,2,3,5
204,0,47,396719,2,4,1,5,0
205,64,37,62577,6,3,5,0,2,4
206,42,50,548683,3,4,2,1
207,6,47,800000,5,0,4
208,36,30,262724,1,3,6
209,22,47,11440,3,6,5,2,1
210,37,10,53917,5,4,6,0,1
211,0,30,292608,4,3,6,5
212,22,77,23078,3,4,0
213,63,61,800000,6,1,2
214,41,77,108942,0,3,6,1,5
215,12,36,163275,6,0,4
216,17,10,31968,3,2,1,5
217,44,39,39747,2,0,6,1,4
218,47,15,11905,2,6,4,1,0
219,14,47,800000,1,4,3,5
220,31,73,14317,0,3,5,6,1
221,17,30,33900,5,0,3
222,5,61,800000,2,3,1
223,44,73,53489,5,2,4
224,42,73,25340,5,3,4,2
225,2,30,643091,3,1,0,4,6,5
226,12,77,140993,6,1,3
227,14,36,108880,6,1,4
228,31,73,17123,3,5,4,6
229,42,47,725992,3,0,4,1
230,63,66,800000,5,2,1,0,4
231,14,47,800000,1,4,3,5
232,2,47,800000,1,2,4,0,5,6
233,36,47,315955,3,4,0,6
234,31,10,17261,3,6,1,5,2,4
235,47,37,13417,1,2,4,5
236,47,37,13910,2,1,3,6,5
237,44,10,80551,6,3,2,5,0,4
238,63,61,800000,0,4,5,3,6,1
239,37,30,56380,1,4,3,5
240,6,61,800000,0,2,5
241,47,25,13080,2,3,1,0,5,6
242,36,47,259337,1,4,6,3
243,64,77,23709,1,2,5,4,3,0
244,22,61,36777,3,1,4,6,0,5
245,36,30,243295,2,3,1
246,12,47,358196,2,6,0,5
247,36,50,250222,6,5,3,1
248,42,73,25335,0,5,4
249,0,77,99325,1,5,4,2,6
250,2,50,800000,6,2,5,4
251,14,36,117014,0,1,4,6
252,42,47,725992,3,0,4,1
253,44,36,129719,1,6,4,5
254,2,15,11423,4,2,1,0,6
255,47,73,13681,6,5,3,0,1,2
256,2,30,800000,3,4,1,2,5
257,47,36,169509,4,5,0,6,3
258,31,66,800000,1,4,6,0
259,22,39,45578,2,3,1,0
260,37,36,16765,3,4,0,5
261,22,25,78199,6,4,1,0,2,5
262,44,39,47881,2,4,1
263,17,73,27186,3,0,6
264,17,77,24294,3,6,1,2,0,4
265,31,61,800000,1,0,5,2,3
266,31,36,176413,0,6,3,1
267,47,25,14065,5,3,1,6,0
268,41,36,149617,1,5,2,3,4,6
269,12,77,140993,6,1,3
270,22,77,23078,3,4,0
271,73,37,48982,6,5,0,4,1,3
272,36,66,342844,6,4,2,1,5
273,31,30,800000,1,0,5,4,6
274,12,30,296899,4,5,6,2,3,0
275,0,61,474189,6,0,3,4,1
276,2,15,10551,6,3,1,2,0
277,37,47,12115,6,1,5,0,2,3
278,2,47,800000,6,4,5,3
279,64,30,105276,0,2,4,5,6
280,37,47,11029,3,0,1,2
281,64,61,40460,3,0,4,1
282,31,61,800000,1,0,5,2,3
283,17,73,27801,6,5,3,2,0,1
284,2,61,800000,1,3,5,0
285,22,25,69347,4,6,1
286,63,47,800000,0,6,4,3
287,14,30,334764,4,1,5,6,3
288,73,36,17448,1,2,4
289,37,77,25143,6,3,0,4,2,1
290,6,36,156566,6,5,4,1,3
291,42,77,139290,0,5,2,4,6
292,31,36,204731,5,6,2
293,36,37,18213,0,6,4,1
294,63,77,171211,1,5,2,4,6,0
295,37,77,21619,1,4,5,6,2,0
296,31,36,204731,5,6,2
297,2,61,800000,1,2,6
298,41,61,800000,6,0,2,5,1,3
299,14,66,800000,2,0,6
300,42,39,31738,6,1,0,5
301,14,47,800000,4,6,1,0,3,5
302,36,37,21058,3,1,5,6
303,17,25,32798,0,2,3,6,4,1
304,63,61,800000,6,1,2
305,17,30,42246,1,5,2,0
306,47,10,14967,0,5,3
307,36,10,22756,0,6,4,2,3,1
308,47,50,800000,3,2,6,5,0
309,2,25,11855,4,5,6
310,2,10,10501,4,1,0,3,6,5
311,63,77,171211,1,5,2,4,6,0
312,47,39,14353,0,6,1
313,42,39,25214,6,0,3,5
314,63,50,800000,5,2,0,6,1,4
315,47,50,800000,4,5,6,0,1,2
316,17,47,12611,4,0,5,6,2,1
317,36,47,354719,4,1,6,2,3,5
318,31,36,176413,0,6,3,1
319,5,66,800000,2,4,6,1,3,5
320,73,39,37484,4,3,5
321,44,37,81950,4,1,3,5,6
322,47,25,13080,2,3,1,0,5,6
323,31,36,204731,5,6,2
324,64,37,62577,6,3,5,0,2,4
325,44,25,76286,1,6,4,2
326,17,39,32304,2,4,1,5,0
327,14,50,800000,4,0,2,1,6
328,6,66,800000,6,5,3,1,0
329,73,39,42487,1,2,5,3,4,6
330,22,25,78199,6,4,1,0,2,5
331,2,37,10218,3,1,5,0
332,44,66,535819,4,1,2,0,5,6
333,73,36,18516,2,3,1,5,0,6
334,44,39,47881,2,4,1
335,36,77,186107,0,2,1,3
336,2,66,800000,0,2,5,4
337,2,30,800000,3,4,1,2,5
338,17,39,35430,6,3,0,5,1,4
339,12,30,243568,0,4,1,5,2,6
340,37,30,56380,1,4,3,5
341,31,77,190686,6,3,1,4,2,5
342,17,15,29586,0,5,1,6
343,36,39,19311,1,5,6,3,2
344,6,61,800000,4,1,2,0
345,14,36,117014,0,1,4,6
346,44,10,80551,6,3,2,5,0,4
347,36,30,243295,2,3,1
348,17,25,32089,1,6,3
349,17,61,32837,5,1,4
350,37,15,57407,5,3,4,2,1
351,31,39,17589,0,1,4,2
352,14,47,800000,2,6,1,5,3,4
353,42,30,800000,1,6,4,5,0
354,5,47,800000,5,4,1,0
355,47,15,12276,0,6,5,2,1,3
356,14,36,134335,1,2,4,0,5
357,14,61,800000,6,1,0,2
358,47,61,800000,1,5,6,4,3,0
359,31,10,17261,3,6,1,5,2,4
360,44,10,102826,4,2,5,3,6
361,2,25,11855,4,5,6
362,73,61,36415,3,2,4,0
363,42,47,725992,3,0,4,1
364,73,15,55285,6,3,0,1,2
365,22,39,45903,5,2,3,4
366,36,50,279047,2,5,3,6,4,0
367,12,66,238266,5,3,4
368,47,39,14322,1,5,3,0,4
369,36,66,251943,5,4,0,6,1
370,5,30,564563,6,4,1,0,2,3
371,14,77,128910,2,4,6,3
372,6,36,138165,1,6,3,0
373,73,10,53751,3,2,0,6,4,5
374,42,61,800000,0,4,5
375,5,77,143537,1,2,5,4
376,14,61,800000,6,2,5
377,37,30,61328,5,0,4,3,1,6
378,44,37,69493,2,4,5,3,6
379,63,66,800000,0,5,3,1
380,31,50,800000,2,6,1
381,5,66,800000,2,4,5,6,1,3
382,73,39,37484,4,3,5
383,73,36,18516,2,3,1,5,0,6
384,36,37,19594,0,5,4,3
385,31,50,800000,1,3,0,6,4
386,0,30,515451,4,6,0
387,63,50,800000,5,2,0,6,1,4
388,36,66,342844,6,4,2,1,5
389,63,61,800000,6,1,2
390,47,15,12276,0,6,5,2,1,3
391,47,37,13417,1,2,4,5
392,64,15,101721,6,4,0,3,1
393,5,61,800000,2,3,1
394,41,66,800000,6,1,2,0
395,47,37,12219,6,0,3,2,5,4
396,2,66,800000,0,2,5,4
397,31,39,17594,2,1,4,6,3,0
398,31,39,16114,3,5,6,0,1,4
399,22,61,36255,5,4,6
400,22,47,13228,1,6,3,0,4
401,44,10,80551,6,3,2,5,0,4
402,17,37,31858,0,6,2,1,3,5
403,6,61,800000,0,2,5
404,42,25,27719,1,6,2
405,22,15,81649,3,2,6,1,0,5
406,2,39,10880,5,3,6,4,2
407,0,66,420282,6,1,0,3
408,44,39,39747,2,0,6,1,4
409,64,37,69748,0,1,6
410,73,61,35070,5,4,1,6,3,0
411,31,73,15620,0,4,6,2
412,42,36,116869,4,5,1,6,0
413,2,50,800000,1,2,4,0,6
414,12,50,250488,1,6,4
415,5,61,800000,5,6,0,3,1,2
416,47,66,800000,2,1,4
417,44,61,800000,2,1,5,6,3
418,44,66,535819,4,1,2,0,5,6
419,2,10,10501,4,1,0,3,6,5
420,2,39,10880,5,3,6,4,2
421,0,61,419961,3,6,0
422,44,66,535819,4,1,2,0,5,6
423,17,36,19982,4,3,0,6,1,5
424,0,30,443852,1,0,6,4,5,2
425,12,50,316592,5,2,3,1,6
426,47,39,13914,5,6,0,1
427,73,30,62980,1,4,5,6
428,42,30,800000,0,2,4,5,3,1
429,37,15,69624,0,4,5,2
430,37,25,60350,5,3,1,0
431,36,39,20167,6,5,4,3
432,6,47,800000,2,0,4,5
433,41,30,359014,5,3,6
434,44,77,105052,4,1,0,2,3,6
435,42,61,800000,0,4,5,3,2
436,14,50,800000,5,2,4
437,0,30,515451,4,6,0
438,31,37,14965,5,4,1
439,44,30,800000,5,3,2,4,1,0
440,63,66,800000,5,2,1,0,4
441,64,61,42464,0,2,1,4
442,73,37,47189,2,4,1,3
443,22,61,33278,0,2,6,4
444,2,10,10501,4,1,0,3,6,5
445,42,66,518343,5,6,0
446,37,39,45382,2,0,5,3,4
447,44,61,800000,4,2,6,1,5,0
448,36,66,251943,5,4,0,6,1
449,6,50,800000,5,2,1,4,0
450,31,73,14342,0,1,2,4,5
451,42,73,26334,3,5,0
452,47,73,13681,6,5,3,0,1,2
453,12,66,289266,1,5,0
454,17,77,24438,2,0,1,5,6,4
455,41,50,800000,0,3,5,1,6,4
456,2,10,11259,4,2,6
457,36,66,251943,5,4,0,6,1
458,6,66,800000,6,0,4,3
459,44,50,350240,6,2,3
460,64,77,24221,1,5,0,4,6,3
461,36,15,16878,3,6,0,5,4,1
462,47,15,12276,0,6,5,2,1,3
463,12,77,154261,4,0,1,3
464,2,36,154258,6,4,2,5,1,3
465,12,47,358196,2,6,0,5
466,64,73,68780,2,4,5,3
467,31,10,17157,3,1,0,6,2
468,31,61,800000,3,6,0,2
469,41,50,800000,6,0,2
470,73,36,18516,2,3,1,5,0,6
471,73,61,38440,6,4,5,3
472,41,36,149617,1,5,2,3,4,6
473,0,30,292608,4,3,6,5
474,73,10,44398,1,4,6,2
475,47,37,13910,2,1,3,6,5
476,14,30,505463,4,1,3,2,0
477,42,66,518343,5,6,0
478,31,61,800000,3,4,0,1
479,63,47,800000,5,2,1
480,41,36,150894,6,0,2,1,4,5
481,47,37,12219,6,0,3,2,5,4
482,44,15,91332,3,5,1,0,2
483,2,39,12214,3,1,2,4,6,0
484,37,30,56380,1,4,3,5
485,14,36,117014,0,1,4,6
486,64,77,24221,1,5,0,4,6,3
487,17,61,32837,5,1,4
488,36,39,18261,0,2,5,4,3,6
489,17,15,28871,1,0,4,2,6
490,17,39,35458,2,1,3
491,2,66,800000,2,0,1,6,3,4
492,14,77,152921,4,3,2,0
493,17,30,33900,5,0,3
494,0,61,419961,3,6,0
495,17,39,35430,6,3,0,5,1,4
496,5,50,800000,6,3,2,4,1,0
497,0,47,384097,3,4,6,2
498,31,30,800000,1,0,5,4,6
499,37,30,56380,1,4,3,5
500,36,66,342844,6,4,2,1,5
501,31,36,228966,6,3,0
502,22,36,22766,0,3,5,1
503,36,15,18313,1,4,5,2,6
504,14,36,134335,1,2,4,0,5
505,44,25,83556,6,1,3,0
506,63,61,800000,0,2,6,4
507,31,10,17157,3,1,0,6,2
508,42,61,800000,4,1,5,0
509,12,77,153701,6,4,2
510,2,73,10147,4,6,0,5
511,12,47,337316,4,2,0,1
512,42,30,800000,0,2,4,5,3,1
513,41,50,800000,0,3,5,1,6,4
514,2,10,11259,4,2,6
515,73,77,23710,4,3,6
516,73,30,54538,6,0,1,5,3
517,44,73,57763,0,2,3,4,6,5
518,22,10,74560,5,1,4,6,2,3
519,47,10,13452,0,1,2
520,17,36,22030,4,0,5,2
521,44,73,53489,5,2,4
522,14,77,179040,0,4,5
523,41,36,150894,6,0,2,1,4,5
524,42,66,609283,6,3,0,4,2
525,73,39,37484,4,3,5
526,63,61,800000,6,0,1
527,0,36,115446,5,2,3
528,6,36,138165,1,6,3,0
529,37,36,17514,4,3,6,1,0,2
530,64,36,16270,3,5,2
531,36,15,18313,1,4,5,2,6
532,17,61,32837,5,1,4
533,0,50,466296,0,3,4,5
534,73,61,36415,3,2,4,0
535,31,66,800000,1,4,6,0
536,0,50,466296,0,3,4,5
537,64,39,38551,0,1,4,2,6,5
538,5,61,800000,2,3,1
539,64,47,11867,2,3,5,4,6
540,6,61,800000,4,1,2,0
541,64,25,124930,2,5,3
542,41,77,108942,0,3,6,1,5
543,37,77,23070,4,1,2,6,3
544,22,61,36777,3,1,4,6,0,5
545,14,61,800000,6,2,5
546,22,15,81649,3,2,6,1,0,5
547,17,47,10974,1,5,3,6,2
548,14,47,800000,6,0,2,3
549,37,10,53917,5,4,6,0,1
550,47,77,200679,6,0,5,4
551,44,77,123358,0,4,3,2
552,42,37,26345,6,5,2,4,3,1
553,22,36,24978,1,2,6
554,12,61,327048,1,0,6,5,2,3
555,6,30,611110,2,4,1,0
556,44,10,80551,6,3,2,5,0,4
557,12,30,258301,3,4,2,6,1,0
558,22,73,65194,6,1,4,2
559,63,30,596768,1,4,2,5,3,6
560,44,25,72997,1,6,0,5
561,44,36,142913,4,3,2
562,17,77,27298,0,4,1,5,6,3
563,64,61,37634,5,3,0,6,4
564,17,47,10974,1,5,3,6,2
565,17,10,31968,3,2,1,5
566,31,66,800000,4,5,2,6,0
567,2,39,10880,5,3,6,4,2
568,64,15,109086,1,0,4,2
569,36,37,19594,0,5,4,3
570,14,50,800000,4,0,1
571,6,50,800000,5,0,1,6
572,47,77,201726,1,5,6,4,2,0
573,44,73,57830,5,0,4,3,1,6
574,2,39,12214,3,1,2,4,6,0
575,73,25,47155,1,2,4,6
576,63,47,800000,0,6,4,3
577,0,77,115617,5,0,6
578,6,77,150196,6,3,1,0,2,5
579,44,37,68882,3,6,0,2
580,22,37,64441,5,0,6
581,31,77,190686,6,3,1,4,2,5
582,63,36,158580,6,1,0
583,2,77,216320,1,6,5,2,4
584,0,77,99325,1,5,4,2,6
585,64,39,43606,5,4,6,3,1,2
586,31,25,16269,6,1,0,5,4
587,47,30,800000,0,4,3,5,6,1
588,22,47,11440,3,6,5,2,1
589,42,25,24151,6,1,2,0,3
590,64,15,96651,3,5,1,6,4
591,17,47,10795,2,4,5
592,63,36,142964,4,6,1,2,3
593,2,50,800000,1,2,4,0,6
594,2,50,784779,4,5,0,6
595,2,73,10014,0,4,3,6
596,36,10,18682,2,5,1,6,0
597,2,25,11855,4,5,6
598,22,61,33278,0,2,6,4
599,37,15,69624,0,4,5,2
600,42,66,518343,5,6,0
601,42,61,800000,0,4,5,3,2
602,14,61,800000,6,2,5
603,42,50,580135,5,3,0
604,44,50,448932,4,0,2,5
605,22,61,36255,5,4,6
606,17,61,27693,1,5,3
607,44,61,800000,5,2,1
608,36,50,292906,3,4,0
609,64,36,15787,1,3,5,0,2
610,36,66,342844,6,4,2,1,5
611,41,50,800000,6,0,2
612,22,30,73106,0,6,4,5,3,2
613,42,47,800000,6,0,3,1,5,4
614,63,47,800000,0,6,4,3
615,2,36,165888,0,3,5,4,6,1
616,5,66,800000,2,4,5,6,1,3
617,2,61,800000,1,3,5,0
618,17,37,33768,2,6,3,0
619,64,37,58120,5,4,2,6,1,0
620,36,61,341730,5,4,2,0
621,17,30,31475,4,6,0,5
622,17,73,27801,6,5,3,2,0,1
623,36,50,292906,3,4,0
624,47,10,14967,0,5,3
625,73,47,12305,3,4,5
626,47,61,800000,5,1,4
627,31,39,17594,2,1,4,6,3,0
628,17,61,32837,5,1,4
629,22,37,67814,5,4,3,1,2
630,63,66,800000,0,5,3,1
631,44,36,111290,1,4,6,5,2
632,42,66,609283,6,3,0,4,2
633,42,37,25087,2,4,1
634,64,73,68780,2,4,5,3
635,5,66,800000,2,4,6,1,3,5
636,64,25,121222,4,0,2,5,3
637,12,47,337316,4,2,0,1
638,42,47,685306,0,2,4,3
639,41,61,800000,3,2,4,6
640,47,66,800000,5,3,1
641,37,30,61328,5,0,4,3,1,6
642,44,15,91332,3,5,1,0,2
643,22,25,69347,4,6,1
644,36,47,292922,0,6,1,5,2,3
645,64,30,101730,5,1,2,0,6,4
646,5,61,800000,4,6,1,2
647,73,47,12305,3,4,5
648,12,36,198383,1,6,3,4,5
649,31,47,800000,4,6,3,0
650,31,77,190686,6,3,1,4,2,5
651,6,30,611110,2,4,1,0
652,42,50,548683,3,4,2,1
653,12,47,358196,2,6,0,5
654,5,77,142844,3,0,4,1,2
655,2,39,10880,5,3,6,4,2
656,41,36,149617,1,5,2,3,4,6
657,37,25,63717,0,2,3,5,4,6
658,6,61,800000,4,2,3,5
659,47,39,14322,1,5,3,0,4
660,2,39,12214,3,1,2,4,6,0
661,17,30,31475,4,6,0,5
662,64,73,58027,2,0,4,6
663,44,15,98557,4,6,3,0
664,42,47,800000,6,0,3,1,5,4
665,6,36,110610,5,2,3
666,64,25,115583,5,6,4,1,0,2
667,22,47,11440,3,6,5,2,1
668,73,10,66135,2,0,6,4
669,0,61,462732,2,5,0,1,6,3
670,17,61,32350,5,1,3,6
671,41,61,800000,3,5,4,0
672,64,30,87849,6,3,0,1,5,4
673,73,30,62980,1,4,5,6
674,31,15,16438,6,2,1,4,0,5
675,36,66,278972,6,3,2
676,14,30,571543,4,0,1,5
677,37,10,67364,0,2,5,4,6
678,37,25,61843,5,2,1,6
679,63,50,800000,6,1,2,5,0
680,42,47,725992,3,0,4,1
681,6,30,611110,2,4,1,0
682,64,39,44018,6,3,4,1,0,2
683,64,77,20162,4,5,0,2,6,3
684,22,73,62903,0,5,3,4
685,22,61,36777,3,1,4,6,0,5
686,31,77,190686,6,3,1,4,2,5
687,17,73,30918,5,0,1
688,64,37,63599,5,4,0,1
689,5,36,131203,5,4,3,2,1,0
690,37,25,60350,5,3,1,0
691,36,50,292906,3,4,0
692,0,36,115446,5,2,3
693,12,47,318672,3,4,0,2,1,5
694,17,25,31470,6,2,5,3,4
695,44,39,48065,1,3,2,0
696,42,77,125627,0,1,5,4,2
697,73,10,65881,5,6,1,3,2,4
698,36,50,292906,3,4,0
699,64,25,121222,4,0,2,5,3
700,73,30,54538,6,0,1,5,3
701,73,30,62980,1,4,5,6
702,73,47,12305,3,4,5
703,17,39,32304,2,4,1,5,0
704,31,73,15620,0,4,6,2
705,41,77,113131,6,1,4
706,22,37,64441,5,0,6
707,63,50,800000,2,6,0,4,1
708,64,73,58027,2,0,4,6
709,64,39,44018,6,3,4,1,0,2
710,44,36,111290,1,4,6,5,2
711,64,73,74824,3,5,6
712,31,36,228966,6,3,0
713,17,25,32089,1,6,3
714,5,36,157434,1,6,2
715,31,30,800000,5,1,3,4,0
716,36,37,19942,0,4,2,3,5
717,5,30,396256,3,2,1,0,5,6
718,37,73,43720,0,2,4,1,5
719,31,25,16558,2,6,3,1
720,37,73,47366,6,5,2
721,47,39,14322,1,5,3,0,4
722,2,37,10705,3,4,2
723,31,77,242834,2,3,6,5
724,2,77,189466,1,6,4,5,2
725,31,37,16034,1,5,6,0
726,0,30,292608,4,3,6,5
727,44,73,57830,5,0,4,3,1,6
728,42,10,27509,3,4,5
729,42,61,800000,2,5,3,4,0,6
730,41,30,417693,5,6,1,0,2,3
731,73,25,52592,5,0,3,6
732,14,47,800000,6,0,2,3
733,2,10,10501,4,1,0,3,6,5
734,64,25,124930,2,5,3
735,44,30,800000,3,1,0,2
736,12,50,316592,5,2,3,1,6
737,0,47,472836,5,2,1,0
738,47,73,13681,6,5,3,0,1,2
739,73,30,60595,4,1,0,6
740,17,61,32837,5,1,4
741,14,47,800000,1,4,3,5
742,36,37,18213,0,6,4,1
743,2,50,800000,1,2,4,0,6
744,41,47,800000,0,4,5,1
745,47,50,800000,4,5,6,0,1,2
746,17,25,32798,0,2,3,6,4,1
747,36,47,315955,3,4,0,6
748,14,36,134335,1,2,4,0,5
749,31,77,236120,3,0,2
750,5,47,800000,5,4,1,0
751,6,30,650211,1,5,2,4,0,3
752,22,25,78199,6,4,1,0,2,5
753,31,73,14317,0,3,5,6,1
754,12,30,296899,4,5,6,2,3,0
755,44,10,99240,5,0,4,6,1,3
756,12,61,293361,0,3,2,4
757,31,36,204731,5,6,2
758,36,37,19942,0,4,2,3,5
759,17,39,35458,2,1,3
760,17,10,31968,3,2,1,5
761,47,77,200679,6,0,5,4
762,47,10,14281,0,4,1,6
763,5,50,800000,6,3,2,4,1,0
764,42,47,786328,3,2,1,0
765,47,10,14967,0,5,3
766,5,36,131203,5,4,3,2,1,0
767,42,37,27866,0,3,6,1,4
768,17,15,27926,2,0,6
