0,47,15,12916,5,1,6,4,3,2
1,41,47,800000,6,4,5
2,0,77,101045,6,2,5,4,1
3,36,10,22756,0,6,4,2,3,1
4,22,15,81649,3,2,6,1,0,5
5,31,61,800000,2,3,6,5,0,4
6,14,47,800000,1,4,3,5
7,31,39,17594,2,1,4,6,3,0
8,64,25,100378,1,0,2,4
9,44,77,111240,0,1,6
10,14,77,179040,0,4,5
11,36,50,292906,3,4,0
12,42,25,28435,5,3,6,2,1
13,31,30,800000,5,1,3,4,0
14,42,30,800000,0,2,4,5,3,1
15,6,61,800000,4,2,3,5
16,22,47,13228,1,6,3,0,4
17,42,39,31738,6,1,0,5
18,47,61,800000,1,5,6,4,3,0
19,31,77,190686,6,3,1,4,2,5
20,64,37,69748,0,1,6
21,31,73,14317,0,3,5,6,1
22,5,77,138257,1,0,5,6,4,3
23,31,10,16016,1,6,4,2,3,0
24,2,66,800000,2,0,1,6,3,4
25,64,36,15787,1,3,5,0,2
26,63,30,589422,6,1,2,4,5
27,6,30,611110,2,4,1,0
28,36,39,19594,6,5,2,4,1
29,47,73,11992,5,2,1,0,4,6
30,22,10,84701,4,0,6,3,1,2
31,47,37,13417,1,2,4,5
32,44,36,142913,4,3,2
33,2,37,11242,5,4,2
34,2,36,154258,6,4,2,5,1,3
35,31,50,800000,1,3,0,6,4
36,36,10,18682,2,5,1,6,0
37,36,39,19311,1,5,6,3,2
38,12,77,165426,3,4,0,5,1,6
39,12,77,154261,4,0,1,3
40,22,77,21558,4,2,6,5,0
41,42,50,548683,3,4,2,1
42,2,66,800000,5,2,6,1
43,41,61,800000,4,5,1,0,3
44,14,66,800000,2,0,5
45,17,39,35458,2,1,3
46,2,77,189466,1,6,4,5,2
47,47,39,13914,5,6,0,1
48,0,47,384097,3,4,6,2
49,47,15,12655,0,6,1,4
50,17,39,35430,6,3,0,5,1,4
51,31,47,800000,4,6,3,0
52,44,15,75861,1,0,5
53,14,50,800000,4,0,2,1,6
54,47,25,13080,2,3,1,0,5,6
55,47,10,14967,0,5,3
56,42,77,139290,0,5,2,4,6
57,42,50,548683,3,4,2,1
58,12,66,289266,1,5,0
59,37,61,33643,6,4,0,1,5
60,31,37,15666,2,3,5,1,4,0
61,73,37,48982,6,5,0,4,1,3
62,44,30,800000,2,3,6,4,5
63,42,73,26334,3,5,0
64,37,73,47366,6,5,2
65,73,36,15050,4,0,2,6,5
66,73,61,35070,5,4,1,6,3,0
67,0,61,462732,2,5,0,1,6,3
68,5,30,612778,0,5,3
69,0,50,380887,1,0,2
70,5,36,131203,5,4,3,2,1,0
71,44,10,89962,3,2,6,5
72,14,77,152921,4,3,2,0
73,2,25,11855,4,5,6
74,47,36,218186,1,2,0,5,6
75,73,47,11739,3,6,5,2,4,1
76,36,47,315955,3,4,0,6
77,37,10,65018,1,4,0,2,3,5
78,36,61,341730,5,4,2,0
79,36,37,18213,0,6,4,1
80,44,77,125892,3,5,4,6,2
81,6,47,800000,5,0,4
82,17,10,30206,2,4,5,0
83,44,37,81950,4,1,3,5,6
84,47,25,13080,2,3,1,0,5,6
85,31,37,15666,2,3,5,1,4,0
86,17,61,32073,5,4,2,3,0,6
87,63,36,142964,4,6,1,2,3
88,73,10,66135,2,0,6,4
89,2,39,12214,3,1,2,4,6,0
90,22,47,10955,5,0,4,1
91,36,37,18213,0,6,4,1
92,2,47,800000,3,4,5,6,2,0
93,44,50,377061,5,6,0,2
94,73,37,44115,4,2,3,1,0
95,42,25,32234,4,5,0,6,3,1
96,41,77,108942,0,3,6,1,5
97,36,30,262724,1,3,6
98,31,36,204731,5,6,2
99,22,10,86168,2,4,1
100,17,10,31968,3,2,1,5
101,47,39,14322,1,5,3,0,4
102,31,10,17254,2,1,3,0,5,6
103,73,25,63758,1,4,6,2
104,12,47,363645,1,2,6,5,0
105,73,15,50111,2,4,1,6
106,17,61,32837,5,1,4
107,42,39,31738,6,1,0,5
108,36,25,19659,2,3,5,0,4,1
109,36,47,292922,0,6,1,5,2,3
110,14,47,800000,6,0,2,3
111,42,10,26763,5,1,2,6,3
112,22,77,21555,0,1,5,4,6
113,0,47,339963,2,0,5
114,44,25,72997,1,6,0,5
115,2,50,800000,2,4,5,6,3
116,41,66,800000,6,1,2,0
117,36,37,18213,0,6,4,1
118,42,61,800000,4,1,5,0
119,0,66,420282,6,1,0,3
120,22,36,22766,0,3,5,1
121,64,47,12807,3,0,5
122,36,61,321280,1,4,6
123,31,39,17589,0,1,4,2
124,37,25,51562,2,5,6,0,3
125,47,50,800000,3,2,6,5,0
126,44,15,91332,3,5,1,0,2
127,22,47,11440,3,6,5,2,1
128,14,61,800000,6,1,0,2
129,22,36,20821,2,1,5,0,3
130,14,30,505463,4,1,3,2,0
131,37,30,66110,1,0,6,4
132,44,77,125892,3,5,4,6,2
133,63,30,596768,1,4,2,5,3,6
134,37,39,41153,4,0,3
135,14,77,128910,2,4,6,3
136,2,37,10705,3,4,2
137,14,50,800000,5,2,4
138,42,47,786328,3,2,1,0
139,31,39,17589,0,1,4,2
140,12,30,188585,4,1,6,0
141,5,47,800000,1,3,2,5,0,4
142,36,30,309300,2,3,5
143,44,30,800000,2,3,6,4,5
144,44,36,142913,4,3,2
145,5,61,800000,4,6,1,2
146,2,73,10147,4,6,0,5
147,12,30,188585,4,1,6,0
148,17,30,34957,1,2,4,0,5
149,47,66,800000,1,2,3,0
150,42,30,800000,0,5,2
151,44,66,687004,6,0,1
152,73,39,37890,0,6,2,4,1,5
153,64,61,37634,5,3,0,6,4
154,5,77,143537,1,2,5,4
155,31,61,800000,3,4,0,1
156,42,66,474750,5,0,2,4
157,37,77,23070,4,1,2,6,3
158,36,37,18213,0,6,4,1
159,14,66,800000,2,0,6
160,64,73,68780,2,4,5,3
161,17,47,12611,4,0,5,6,2,1
162,73,30,60412,3,6,4,2
163,63,66,800000,5,2,6,0,3,4
164,12,30,296899,4,5,6,2,3,0
165,14,77,128910,2,4,6,3
166,22,15,81649,3,2,6,1,0,5
167,47,66,800000,5,3,1
168,37,77,23070,4,1,2,6,3
169,44,25,89227,0,5,2,1,6,4
170,14,61,800000,3,4,1,2,5,0
171,22,36,20967,1,0,6,2
172,31,61,800000,1,0,5,2,3
173,12,50,316592,5,2,3,1,6
174,6,47,800000,1,5,2,4
175,17,77,24038,3,2,6,0,4
176,6,47,800000,5,0,4
177,5,77,143537,1,2,5,4
178,44,10,89962,3,2,6,5
179,22,61,36255,5,4,6
180,63,66,800000,5,2,1,0,4
181,31,61,800000,1,0,5,2,3
182,44,47,800000,5,3,0,6
183,2,30,800000,4,2,1,6
184,36,25,19578,5,6,3,4,2
185,73,15,46879,0,2,6
186,36,61,321280,1,4,6
187,22,10,86168,2,4,1
188,42,61,800000,4,1,5,0
189,36,39,19594,6,5,2,4,1
190,41,50,800000,0,3,5,1,6,4
191,42,37,23389,2,6,0
192,41,30,435496,6,5,3,1
193,12,61,221044,3,1,0,6,5
194,31,37,14175,6,0,1,2,5
195,36,50,250222,6,5,3,1
196,37,30,58855,5,1,3,2,6,4
197,36,50,250222,6,5,3,1
198,36,47,354719,4,1,6,2,3,5
199,64,30,87849,6,3,0,1,5,4
200,42,66,474750,5,0,2,4
201,41,36,150894,6,0,2,1,4,5
202,47,36,169509,4,5,0,6,3
203,31,30,800000,2,5,0,4
204,17,61,32073,5,4,2,3,0,6
205,22,37,67814,5,4,3,1,2
206,14,36,134335,1,2,4,0,5
207,73,37,44115,4,2,3,1,0
208,2,61,800000,1,3,5,0
209,36,73,19700,3,0,1,5,2
210,47,66,800000,2,1,4
211,42,36,116869,4,5,1,6,0
212,63,66,800000,5,2,1,0,4
213,31,15,16712,1,3,6,4,2
214,64,37,63599,5,4,0,1
215,2,39,11757,0,3,5
216,41,36,149617,1,5,2,3,4,6
217,41,77,125896,3,1,5
218,41,50,800000,6,0,2
219,63,66,800000,3,6,0,2
220,2,10,11235,2,6,0,5
221,22,73,62903,0,5,3,4
222,42,66,578598,4,1,5,0
223,42,10,31702,2,0,1,5
224,22,25,78199,6,4,1,0,2,5
225,17,10,28561,1,3,4,2
226,5,61,800000,2,5,6,0
227,41,36,125975,0,5,2,4,1,3
228,36,77,186107,0,2,1,3
229,37,36,18817,1,6,3,4,5
230,63,66,800000,5,2,6,0,3,4
231,44,66,488523,1,2,4
232,36,10,18682,2,5,1,6,0
233,36,37,19594,0,5,4,3
234,64,25,124930,2,5,3
235,36,39,20167,6,5,4,3
236,42,77,125627,0,1,5,4,2
237,0,30,292608,4,3,6,5
238,42,30,800000,0,2,4,5,3,1
239,2,50,800000,2,4,5,6,3
240,42,61,800000,0,4,5
241,2,77,189466,1,6,4,5,2
242,36,73,17585,4,0,2,3,1,5
243,12,66,286493,2,6,1,0
244,47,36,218186,1,2,0,5,6
245,2,10,10501,4,1,0,3,6,5
246,2,77,200768,2,1,4
247,0,47,384097,3,4,6,2
248,63,50,800000,5,2,0,6,1,4
249,41,36,110605,2,5,3
250,64,10,103520,3,5,6,2,0,1
251,2,61,800000,3,4,1,2,6
252,44,36,124561,6,5,2
253,63,30,596768,1,4,2,5,3,6
254,73,15,50111,2,4,1,6
255,63,61,800000,6,1,2
256,14,50,800000,4,0,2,1,6
257,44,66,488523,1,2,4
258,36,39,20167,6,5,4,3
259,42,61,800000,0,4,5
260,47,73,11992,5,2,1,0,4,6
261,41,47,800000,6,4,5
262,47,61,800000,5,1,4
263,6,61,800000,0,2,6,1,4
264,6,66,800000,0,6,1,2,4
265,31,30,800000,5,1,3,4,0
266,2,66,800000,5,2,6,1
267,31,10,16016,1,6,4,2,3,0
268,2,36,207550,4,1,5,6,2
269,63,47,800000,6,1,3
270,36,39,19311,1,5,6,3,2
271,17,25,32089,1,6,3
272,22,47,13429,4,0,6,5,2
273,64,61,36303,2,6,0,5
274,41,30,434820,0,5,4,1
275,44,25,89227,0,5,2,1,6,4
276,31,47,800000,4,0,3
277,17,36,22330,6,1,5,0,4,2
278,44,77,125892,3,5,4,6,2
279,31,66,800000,6,1,5,3
280,63,36,158580,6,1,0
281,17,73,27186,3,0,6
282,5,47,800000,1,3,2,5,0,4
283,42,61,800000,4,1,5,0
284,31,39,17589,0,1,4,2
285,36,37,21058,3,1,5,6
286,14,47,800000,2,6,1,5,3,4
287,12,61,293361,0,3,2,4
288,64,77,23709,1,2,5,4,3,0
289,42,61,800000,2,5,3,4,0,6
290,6,66,800000,6,0,4,3
291,42,39,23459,5,3,6,0,4,2
292,22,39,43270,4,6,3,0,5,1
293,37,73,52394,3,4,1,2,6,5
294,0,30,467894,0,6,1,2,5
295,31,37,16034,1,5,6,0
296,36,10,18682,2,5,1,6,0
297,42,10,26763,5,1,2,6,3
298,31,77,242834,2,3,6,5
299,0,30,292608,4,3,6,5
300,44,37,81950,4,1,3,5,6
301,37,15,47451,0,5,6,4,3
302,6,36,135967,6,4,3
303,64,30,101730,5,1,2,0,6,4
304,6,61,800000,4,2,3,5
305,64,61,42464,0,2,1,4
306,14,77,128910,2,4,6,3
307,36,73,17585,4,0,2,3,1,5
308,44,66,488523,1,2,4
309,22,36,20821,2,1,5,0,3
310,14,77,152921,4,3,2,0
311,73,10,65881,5,6,1,3,2,4
312,63,30,555617,3,5,2,4,1
313,31,36,221634,5,4,6,3,1,0
314,12,77,165426,3,4,0,5,1,6
315,5,47,800000,5,4,1,0
316,42,66,518343,5,6,0
317,17,10,28561,1,3,4,2
318,31,77,207984,3,0,5
319,64,37,63599,5,4,0,1
320,36,77,189466,3,1,4,2,0
321,64,73,68780,2,4,5,3
322,5,66,800000,5,6,1
323,44,25,89227,0,5,2,1,6,4
324,6,36,156566,6,5,4,1,3
325,31,30,800000,5,4,1,0,6,3
326,31,47,800000,4,0,3
327,37,25,63717,0,2,3,5,4,6
328,5,47,800000,4,0,1,2,3,5
329,12,61,327048,1,0,6,5,2,3
330,5,30,396256,3,2,1,0,5,6
331,0,66,466471,2,1,4,5,6,0
332,47,15,12276,0,6,5,2,1,3
333,47,39,13928,5,3,1,0,4,2
334,42,30,800000,5,6,3
335,31,25,15814,0,5,6,3
336,31,10,17261,3,6,1,5,2,4
337,0,50,329093,4,5,0
338,36,10,20074,3,4,5,2
339,22,15,66117,2,4,0,3
340,44,15,98557,4,6,3,0
341,37,10,64895,6,0,1,2,3
342,73,15,55285,6,3,0,1,2
343,64,39,43606,5,4,6,3,1,2
344,44,36,142913,4,3,2
345,0,66,356873,5,6,0
346,31,77,190686,6,3,1,4,2,5
347,37,25,63717,0,2,3,5,4,6
348,31,66,800000,4,5,2,6,0
349,44,47,800000,5,3,0,6
350,36,10,20074,3,4,5,2
351,2,50,800000,1,2,4,0,6
352,0,36,107604,1,2,6,5,0
353,22,36,20967,1,0,6,2
354,0,47,396719,2,4,1,5,0
355,22,39,45578,2,3,1,0
356,63,30,596768,1,4,2,5,3,6
357,42,36,112643,6,3,1,4
358,12,50,316592,5,2,3,1,6
359,41,77,125896,3,1,5
360,64,36,17251,0,1,6,2,3,5
361,47,39,14353,0,6,1
362,42,61,800000,0,4,5
363,12,50,316592,5,2,3,1,6
364,73,39,42487,1,2,5,3,4,6
365,22,36,22766,0,3,5,1
366,36,47,315955,3,4,0,6
367,31,25,15007,0,4,2,3,5,1
368,64,47,11775,2,0,5,4
369,2,73,10014,0,4,3,6
370,44,36,142913,4,3,2
371,0,47,339963,2,0,5
372,0,50,380887,1,0,2
373,2,37,10705,3,4,2
374,41,50,800000,6,0,2
375,44,39,48065,1,3,2,0
376,37,10,64895,6,0,1,2,3
377,12,47,337316,4,2,0,1
378,14,77,128910,2,4,6,3
379,36,37,18213,0,6,4,1
380,22,25,69347,4,6,1
381,2,36,199403,1,2,6,5,4,3
382,2,15,10551,6,3,1,2,0
383,37,15,69624,0,4,5,2
384,42,47,786328,3,2,1,0
385,42,47,786328,3,2,1,0
386,17,73,27801,6,5,3,2,0,1
387,14,47,800000,6,0,2,3
388,42,77,128695,1,0,6
389,5,77,166422,1,0,6,4
390,2,25,12391,1,5,3,0,4
391,63,61,800000,0,2,6,4
392,31,25,15007,0,4,2,3,5,1
393,6,47,800000,2,0,4,5
394,12,66,289266,1,5,0
395,2,61,800000,1,3,5,0
396,73,30,62980,1,4,5,6
397,47,30,800000,0,2,1,6
398,12,66,238266,5,3,4
