0,8,11,800000,6,2,3
1,216,285,11505,1,2,4
2,172,85,280211,0,6,2
3,179,19,242421,2,6,0,4,5
4,95,162,195617,4,5,0,1,6,2
5,176,265,29189,2,4,0,6,5
6,176,277,33510,5,3,2
7,179,19,201658,2,5,1,0,4,3
8,103,298,17704,3,1,0,5
9,68,169,27362,6,2,3,1,5
10,118,169,95862,6,4,1,2
11,6,85,605085,6,4,0,5,3
12,24,85,800000,3,2,5
13,8,85,800000,0,3,4
14,122,298,21307,2,3,0
15,6,162,54008,6,5,3,4,1
16,8,162,70086,5,2,4,0,3,1
17,89,298,14885,6,3,5
18,179,85,273678,6,1,5,3,4,0
19,79,11,800000,4,6,0,3,1
20,152,11,800000,6,4,2,0,5
21,103,298,18665,6,2,0,1
22,172,85,259273,2,1,6,5
23,215,177,71383,6,2,4,1,5,0
24,68,177,10886,1,6,5,3
25,172,201,50571,1,5,2,3,6,0
26,103,19,800000,0,4,2,3
27,108,11,800000,0,6,3
28,94,285,32842,0,6,4,5
29,152,162,50149,0,3,2
30,215,19,68162,1,0,2
31,171,19,60474,0,3,4,2,1,5
32,179,85,273678,6,1,5,3,4,0
33,216,265,12182,0,4,6
34,215,19,68162,1,0,2
35,122,169,80143,3,5,4,6,0,1
36,24,89,800000,3,0,5,2,4
37,171,265,25784,0,6,2,4,3,1
38,89,277,15002,1,2,5,4
39,216,85,206052,0,3,2
40,8,11,800000,0,1,3,6,5,4
41,108,169,314687,6,3,2,1
42,95,265,35089,1,6,0,5,3
43,103,285,18365,4,5,1,3,2,0
44,216,89,205103,6,4,2
45,208,285,29207,4,1,2
46,215,285,24121,0,5,4,3
47,8,177,800000,0,1,4
48,172,169,657086,4,3,1
49,152,162,37902,4,0,1
50,95,298,31353,1,5,3,6,0
51,94,85,284162,5,4,2,3
52,89,169,425705,6,0,5,2,1
53,8,169,527674,1,6,5,2
54,79,19,800000,0,4,2,6,1
55,179,162,131615,2,4,5,0,6,1
56,172,298,36394,0,1,4,5,2,6
57,179,201,29210,6,4,5
58,179,285,33497,1,2,3,6,0,4
59,208,19,74943,4,2,3,0,1,6
60,8,11,800000,2,3,1
61,108,11,800000,4,6,5,3,1,0
62,215,177,83603,2,0,4,5,1,3
63,208,177,58057,2,5,0,1,6,3
64,172,265,36128,5,4,6,3
65,179,89,423446,1,4,5,0
66,94,162,150763,2,3,5
67,103,277,19076,6,5,2,1
68,79,285,12836,3,2,1,5
69,8,11,800000,2,3,1
70,79,277,12365,6,1,3
71,122,162,126173,1,6,4,0,5
72,122,11,60118,1,2,5
73,179,298,33367,4,6,5
74,24,19,800000,3,4,5,2
75,103,169,489147,4,1,3,0
76,171,19,60474,0,3,4,2,1,5
77,24,85,800000,1,2,6,0
78,118,201,13783,6,0,3
79,108,265,10604,5,3,0,1
80,8,89,800000,2,3,6
81,103,277,17463,0,1,3,5,4
82,171,169,108098,2,5,6,0,1
83,24,19,800000,3,4,5,2
84,79,298,12982,3,4,2,1,6
85,152,162,47923,0,2,6,3,5
86,89,265,15262,0,5,2,3
87,95,285,39921,5,1,3,6
88,8,19,800000,1,6,2,5
89,179,201,29210,6,4,5
90,216,89,187963,2,3,5,1,6,0
91,179,265,41196,3,0,2,6,5,1
92,216,162,86240,6,4,1,3
93,94,277,37026,1,3,0,5
94,79,162,90115,2,5,3,0,4
95,208,162,107355,0,3,1,6,4,5
96,8,89,800000,6,2,5,0
97,171,85,56538,0,2,4
98,122,11,60118,1,2,5
99,79,85,800000,3,2,4,1
100,172,162,159561,1,0,5,4
101,108,169,292114,2,1,5
102,94,201,50661,6,1,3,4,5,2
103,122,89,97890,2,1,3,5,4,0
104,89,11,800000,3,6,5
105,216,265,10640,1,2,4,5
106,176,11,55897,3,5,1,6,4
107,89,177,800000,1,5,3,0,2
108,95,169,722166,4,2,1,0,6
109,179,169,463048,1,6,3,5,2,4
110,6,89,741622,0,6,3,1
111,95,201,37207,3,1,6,0
112,179,298,32460,2,6,4,1
113,176,277,37877,3,5,1,6,4,2
114,24,177,800000,5,0,4,1
115,68,277,25079,0,4,5,3
116,24,11,800000,6,0,4,1,5,2
117,171,265,25784,0,6,2,4,3,1
118,122,277,25041,5,1,0,4,2
119,108,265,10604,5,3,0,1
120,103,162,107344,5,4,2,3,0
121,171,177,58869,0,2,4,1
122,152,162,48266,6,1,5,3,0
123,179,11,206223,6,4,5,2,1
124,8,11,800000,0,1,3,6,5,4
125,103,277,19076,6,5,2,1
126,94,285,32842,0,6,4,5
127,68,298,23660,4,6,2,0,1,5
128,172,11,265419,3,1,4,5,2,6
129,6,11,753234,5,1,2,3,0
130,89,19,800000,5,3,4
131,171,277,32079,6,1,2,3,4
132,122,169,92318,1,0,5,4,2
133,6,11,405216,5,2,4,6
134,89,177,800000,6,2,3
135,216,162,86240,6,4,1,3
136,79,19,800000,3,0,2,1,4
137,94,85,286042,6,4,0,3,1
138,103,162,107344,5,4,2,3,0
139,108,298,11131,4,5,3,6
140,118,89,69914,2,3,4,0
141,68,277,25777,6,5,3,1
142,89,285,13309,3,5,2,4
143,68,277,25079,0,4,5,3
144,171,298,29365,5,2,6,4,0,1
145,215,265,31399,0,4,1,2,6
146,68,89,15524,6,1,3,0
147,215,85,73343,0,5,1,3,4,2
148,215,265,31399,0,4,1,2,6
149,215,285,25913,5,2,0
150,176,265,29189,2,4,0,6,5
151,24,169,215387,2,0,6,5
152,6,162,49325,6,3,0,5
153,89,162,90306,6,5,0,4,1,3
154,94,298,28728,6,1,5,4,2,3
155,179,277,48313,5,6,0,1
156,24,11,800000,6,0,4,1,5,2
157,152,11,800000,2,4,0,3,1,6
158,89,298,14885,6,3,5
159,172,177,428531,3,5,2,0,1,6
160,152,169,203218,0,5,6,4,1,2
161,89,265,15171,0,6,4,1,5
162,94,177,292900,2,3,4
163,171,265,22991,2,3,0,4,1,6
164,79,85,800000,3,2,4,1
165,95,265,40807,1,6,2,4,0,5
166,208,89,94281,4,3,5,1,6
167,208,11,62060,1,3,6
168,89,169,498304,3,0,6,2,5,1
169,172,265,32104,5,6,0,3,4,1
170,6,169,245604,6,0,2
171,176,201,36260,0,2,3,1,6,5
172,171,169,139836,1,2,6,0
173,118,277,16463,6,0,1,4,3,2
174,216,201,11685,5,4,2,1,0,3
175,94,277,37026,1,3,0,5
176,172,177,428531,3,5,2,0,1,6
177,8,277,11018,3,6,0,4,5,1
178,176,277,33581,5,4,1,6,2,3
179,179,85,273678,6,1,5,3,4,0
180,176,89,92213,4,0,6,2,1
181,171,285,24578,1,6,5,4
182,215,285,30108,2,5,3,1,4,6
183,152,89,800000,3,0,6
184,208,277,37458,6,4,0,1,3
185,152,19,800000,2,4,5,0
186,208,162,107355,0,3,1,6,4,5
187,108,277,10546,1,5,4,3
188,79,162,86095,1,3,6,4,5
189,68,265,23672,3,5,0,4,6
190,122,201,25816,2,5,3
191,6,162,63074,5,3,1,4,6
192,176,265,27934,2,3,4,6
193,118,169,140881,3,4,6,5,2,0
194,216,19,217266,4,3,6,5,2
195,171,277,35343,5,4,3,1,2
196,94,89,326780,5,1,6
197,215,285,24411,5,3,6
198,79,89,800000,5,1,4,6,2
199,215,277,44730,0,2,3,1,5,4
200,95,277,39436,4,6,2,3,5,0
201,68,19,10436,0,4,2,1
202,122,285,22517,2,6,4,1
203,122,265,19258,0,3,1,2,4,5
204,179,85,279541,1,0,2,6,3,5
205,79,177,800000,0,6,5,1,2
206,172,201,38049,2,5,3
207,171,85,62898,0,6,3,4,1
208,215,265,24779,5,6,4,1,0
209,118,162,101939,5,4,0,1,6
210,24,11,800000,5,2,6,0
211,108,169,314687,6,3,2,1
212,94,11,176551,6,0,5,2,1,3
213,215,162,106164,5,0,2,1,3,6
214,152,11,800000,2,4,0,3,1,6
215,152,11,800000,1,4,0
216,176,285,26368,4,5,6
217,6,85,605085,6,4,0,5,3
218,68,201,27288,4,1,6
219,24,89,800000,4,6,2,5,3
220,122,162,84858,2,1,6
221,89,285,13034,4,3,5,2,6
222,8,11,800000,6,2,3
223,208,177,51087,3,4,1,0,5,6
224,179,277,32963,5,3,0,2,4,6
225,103,89,800000,1,2,5,4,6,3
226,94,162,143312,5,1,4,0,2,6
227,208,298,29499,3,1,6,4,5,2
228,208,169,136738,0,4,3
229,215,169,159400,2,1,3,6
230,208,285,31470,0,6,2,1,3,5
231,95,277,46984,2,3,5,6,4,0
232,79,298,13741,5,0,1
233,176,11,43249,0,3,2,5,4,6
234,176,85,62490,2,1,3
235,122,162,84858,2,1,6
236,171,277,36836,5,4,1,0,6,3
237,79,89,800000,5,0,1
238,171,89,87080,4,6,1,3
239,68,169,27362,6,2,3,1,5
240,171,298,29365,5,2,6,4,0,1
241,89,162,101881,3,6,0
242,208,11,53564,1,6,4,5,2,0
243,8,169,339386,5,4,0,3,6,2
244,79,19,800000,3,0,2,1,4
245,171,298,25533,1,4,3,0,5
246,152,19,800000,6,4,0,1,2
247,118,298,17677,1,3,2,6,4
248,122,11,68879,6,4,2,0,3
249,179,11,206223,6,4,5,2,1
250,95,169,595918,4,6,0,2
251,122,19,83291,2,0,3,1,6,5
252,172,298,34522,0,2,3,6
253,172,298,33474,3,4,2,5,1
254,79,162,90115,2,5,3,0,4
255,8,169,408253,0,1,5,2,4
256,122,201,20354,0,6,2
257,68,162,18854,0,5,3,6
258,108,11,800000,1,5,0,6,3
259,79,89,800000,5,0,1
260,208,177,51087,3,4,1,0,5,6
261,89,19,800000,3,4,0,5,6
262,79,89,800000,2,3,1,6
263,208,11,62060,1,3,6
264,179,285,36228,1,0,2,5,6
265,103,298,20880,0,5,6,1
266,215,177,70679,1,3,5,2
267,179,85,273678,6,1,5,3,4,0
268,216,162,76382,5,4,1
269,118,11,58129,5,1,2
270,24,177,800000,4,3,5,2
271,176,265,31822,3,6,5,4,2
272,179,85,276977,2,0,5
273,176,11,43249,0,3,2,5,4,6
274,215,298,29707,4,6,1,3,5,0
275,24,177,800000,0,5,2,6
276,103,89,800000,1,2,5,4,6,3
277,171,162,116132,4,2,1,6
278,8,265,10677,2,5,0,1
279,176,89,86500,1,4,3,0,6,5
280,216,285,11885,0,4,1,3,5
281,108,89,800000,3,5,1,0,4
282,68,201,24952,2,4,3,0
283,118,85,64468,2,5,0,3,6
284,68,162,20287,2,1,3,4,0
285,216,85,206052,0,3,2
286,95,177,391286,2,1,3
287,179,298,35675,2,3,6,1,0
288,8,19,800000,0,5,2,4
289,8,285,10148,1,3,0
290,122,177,101484,2,0,1,3
291,172,277,55637,4,3,2,6
292,95,169,385267,3,5,6,4,0
293,8,85,800000,3,4,2,0
294,118,11,47275,0,6,5,1,2,3
295,176,169,140955,4,1,5,3,6
296,6,169,302140,5,6,1,4,3
297,122,19,70640,1,0,5,6
298,79,89,800000,2,3,1,6
299,172,11,276522,3,4,1,0,6,2
300,24,85,800000,3,2,5
301,215,11,50125,0,1,2,5,3,6
302,215,89,101345,6,2,5
303,122,162,84858,2,1,6
304,215,285,25913,5,2,0
305,24,85,800000,4,0,3,1,6,5
306,79,298,12982,3,4,2,1,6
307,8,298,12522,6,2,3,5
308,172,285,32704,6,3,1,4
309,103,265,18046,6,3,2
310,122,162,84858,2,1,6
311,176,169,137323,6,3,0,4
312,172,11,265419,3,1,4,5,2,6
313,216,85,206052,0,3,2
314,118,169,108005,6,0,1,4,3,2
315,171,169,97879,2,6,4,1,5
316,172,162,150085,2,3,5,4
317,94,298,28434,5,0,4,6,3
318,89,277,11621,5,2,0,4,1
319,215,265,24779,5,6,4,1,0
320,215,298,29707,4,6,1,3,5,0
321,118,11,47275,0,6,5,1,2,3
322,8,169,339386,5,4,0,3,6,2
323,118,201,15781,2,0,1
324,176,277,37877,3,5,1,6,4,2
325,68,19,10436,0,4,2,1
326,108,169,252178,3,2,4
327,216,298,12876,4,6,2,1,0
328,6,162,63074,5,3,1,4,6
329,94,89,327291,2,0,6,1,4,5
330,103,169,628410,4,5,3
331,118,169,108005,6,0,1,4,3,2
332,215,169,164797,1,6,4,0
333,176,265,31822,3,6,5,4,2
334,118,177,69285,5,2,0,6
335,89,85,800000,4,5,0,3
336,215,162,156727,5,3,6
337,118,177,93062,2,4,5
338,152,162,47923,0,2,6,3,5
339,118,201,14118,6,1,2,5
340,176,201,37012,6,0,1,3,5
341,122,277,20012,3,2,1
342,118,162,105285,4,1,2,0,5
343,172,265,35776,0,2,6,5,1
344,152,169,203218,0,5,6,4,1,2
345,171,19,60474,0,3,4,2,1,5
346,89,162,90306,6,5,0,4,1,3
347,94,85,286042,6,4,0,3,1
348,215,201,55637,1,4,2
349,172,277,38911,2,6,0
350,172,265,36128,5,4,6,3
351,216,85,192347,1,2,6,4,0,3
352,171,298,29365,5,2,6,4,0,1
353,103,11,481761,5,1,3,0,4
354,6,162,49325,6,3,0,5
355,79,177,800000,0,6,5,1,2
356,171,162,160597,0,5,2,1
357,103,177,800000,2,6,1,0
358,68,19,10530,1,3,5,4
359,215,11,46138,6,1,2,0,5
360,179,162,120295,3,0,2
361,95,177,360421,4,5,6,3,1,0
362,103,265,20357,6,2,3,5
363,103,201,20213,5,0,1,2
364,118,277,15595,5,3,2,6
365,89,201,16231,0,5,1
366,122,177,65618,6,3,1,0
367,172,85,255081,6,4,5
368,216,169,185299,1,6,5,4,0,3
369,215,85,61746,5,3,4
370,94,265,34466,5,1,3,4
371,94,201,50661,6,1,3,4,5,2
372,216,277,11864,5,1,3,4,2,0
373,94,177,292900,2,3,4
374,171,277,47601,6,1,2,5
375,95,169,722166,4,2,1,0,6
376,94,169,536691,2,0,4,6
377,171,277,36836,5,4,1,0,6,3
378,215,11,50125,0,1,2,5,3,6
379,171,298,27839,5,3,6,0,1
380,215,11,40268,2,0,4,5,6,1
381,122,89,91786,0,3,4,5
382,171,19,75877,2,4,5,6
383,152,177,800000,3,6,1,0
384,179,89,498485,1,2,5,6,4,0
385,8,11,800000,3,4,1,2
386,171,89,87585,5,6,3,4
387,208,277,37458,6,4,0,1,3
388,122,277,20012,3,2,1
389,208,89,83800,2,6,0
390,24,177,800000,0,5,2,6
391,208,201,52528,6,1,4
392,215,201,45481,4,2,3
393,215,11,50108,4,2,1
394,79,19,800000,0,4,2,6,1
395,118,19,67166,4,6,5,1,3
396,176,201,37012,6,0,1,3,5
397,172,298,34522,0,2,3,6
398,79,201,12769,6,0,3
399,172,11,276522,3,4,1,0,6,2
400,94,201,40099,6,1,0,3,5
401,79,277,12365,6,1,3
402,6,19,800000,6,4,5,3,1
403,68,169,27362,6,2,3,1,5
404,171,265,25866,5,4,2,3
405,216,169,195948,0,2,3,1
406,94,11,210370,4,1,0
407,103,265,18046,6,3,2
408,179,265,40433,2,4,5,1
409,208,285,31470,0,6,2,1,3,5
410,108,11,800000,1,5,0,6,3
411,6,298,10006,3,1,4,5,6
412,176,298,24411,2,6,5,0,3
413,89,19,800000,1,6,3
414,171,201,47220,6,2,1
415,103,169,498178,3,5,2
416,216,19,172693,4,0,3,6,1,2
417,68,85,10861,4,3,6,2,5,0
418,89,169,425705,6,0,5,2,1
419,103,265,20357,6,2,3,5
420,95,162,195617,4,5,0,1,6,2
421,179,162,120295,3,0,2
422,103,11,541185,5,2,1,6
423,172,285,38861,4,6,0,1,5
424,208,285,31470,0,6,2,1,3,5
425,94,201,49735,0,3,6,5
426,208,285,29207,4,1,2
427,94,298,34685,3,0,1,6,5,2
428,216,19,217266,4,3,6,5,2
429,8,85,800000,3,4,2,0
430,216,11,193105,0,2,1,3
431,122,11,62403,3,2,1,6,0
432,176,265,28603,2,4,6,1
433,8,89,800000,6,2,5,0
434,215,85,73343,0,5,1,3,4,2
435,172,89,320362,2,3,6,0,1,4
436,95,89,425939,6,5,1,3,0,4
437,68,169,23877,1,4,3,0
438,216,177,249467,1,2,5
439,216,177,203839,2,1,4,5,6
440,79,162,86095,1,3,6,4,5
441,215,162,156931,5,4,3,1,6,2
442,79,277,12227,4,2,5,3,6,0
443,89,201,16231,0,5,1
444,179,177,272833,3,4,2,1
445,8,277,10239,1,4,3,2,6
446,215,89,101345,6,2,5
447,122,201,23059,0,2,6,4,1,5
448,6,162,63074,5,3,1,4,6
449,216,298,11414,2,3,1,0,5
450,89,265,15171,0,6,4,1,5
451,24,89,800000,4,6,2,5,3
452,176,89,92213,4,0,6,2,1
453,216,277,11864,5,1,3,4,2,0
454,89,285,12668,0,4,2
455,103,285,17344,3,1,5,4,6
456,103,85,800000,6,1,0
457,95,162,195617,4,5,0,1,6,2
458,24,162,54275,1,5,2,0
459,172,177,367172,0,6,2
460,216,277,12880,2,1,0,5
461,95,265,34778,6,4,3
462,8,162,70086,5,2,4,0,3,1
463,68,177,10886,1,6,5,3
464,216,85,149623,6,2,5
465,89,169,425705,6,0,5,2,1
466,179,162,131615,2,4,5,0,6,1
467,6,19,800000,2,4,6
468,179,201,29210,6,4,5
469,215,11,40268,2,0,4,5,6,1
470,172,265,35776,0,2,6,5,1
471,94,201,49446,0,4,5,2,6
472,118,162,105285,4,1,2,0,5
473,172,19,427957,1,4,0,5
474,176,298,29758,6,0,2
475,108,11,800000,0,6,3
476,24,177,800000,5,0,4,1
477,79,19,800000,0,4,2,6,1
478,94,19,290268,2,1,4,5,3
479,208,19,82350,2,1,3,5
480,6,11,397677,0,1,6,5,2
481,89,285,12668,0,4,2
482,94,89,474568,2,3,4,5,0
483,216,285,11505,1,2,4
484,79,177,800000,6,2,3,5,4,1
485,95,19,346611,4,5,1,2,0,3
486,208,169,90578,0,4,6
487,172,277,38911,2,6,0
488,103,265,19095,4,5,6
489,122,298,25105,4,5,2,3
490,215,285,30108,2,5,3,1,4,6
491,171,265,22991,2,3,0,4,1,6
492,118,85,72373,2,3,4,5
493,95,277,39436,4,6,2,3,5,0
494,172,277,55637,4,3,2,6
495,176,201,36260,0,2,3,1,6,5
496,89,169,475858,0,3,1,6,4
497,108,298,10596,0,6,3
498,179,162,120295,3,0,2
499,89,162,101881,3,6,0
500,24,19,800000,3,2,1
501,152,19,800000,6,4,0,1,2
502,172,201,50712,2,4,6,3,5
503,215,89,101345,6,2,5
504,152,85,800000,3,6,5,2,4
505,95,85,238083,2,3,4,0,6,5
506,79,11,800000,2,0,1,3,6,5
507,172,169,473255,1,0,2,3,5
508,94,89,438286,4,5,0,3
509,79,19,800000,2,0,4,6,1,3
510,94,89,326780,5,1,6
511,176,162,130115,1,5,6,4,3
512,68,285,21073,6,4,2
513,24,162,49834,1,5,0
514,6,177,800000,2,0,1
515,79,11,800000,2,0,1,3,6,5
516,122,162,84858,2,1,6
517,176,201,41374,2,3,4,1,5,0
518,122,298,21307,2,3,0
519,95,169,385267,3,5,6,4,0
520,6,177,800000,0,3,4,1
521,8,85,800000,3,2,6,5,4
522,95,285,33494,5,2,6,3,1
523,95,177,296875,4,0,3,2,5
524,79,177,800000,0,6,5,1,2
525,215,201,32008,0,6,4,2,5,1
526,95,201,37207,3,1,6,0
527,208,85,68445,0,6,3,5
528,103,19,800000,3,6,5,4,0,1
529,216,162,51185,2,0,5,3
530,108,85,800000,3,2,0,6,4
531,89,19,800000,3,4,0,5,6
532,122,285,18339,3,0,2,5
533,79,11,800000,2,0,3,1
534,176,177,85165,3,4,1
535,171,285,26717,4,6,5,2,3
536,122,85,64361,5,2,4,6,0,3
537,216,89,174931,4,6,2,1
538,172,85,259273,2,1,6,5
539,152,85,800000,3,6,5,2,4
540,176,162,138569,5,2,1,4,3,6
541,68,285,22129,5,1,0,6,2
542,103,298,18665,6,2,0,1
543,108,89,800000,1,2,3,6
544,8,298,12522,6,2,3,5
545,103,11,481761,5,1,3,0,4
546,176,19,72365,5,4,6,3
547,118,201,15781,2,0,1
548,171,85,67810,2,1,6,4
549,6,177,800000,2,0,4,6
550,152,89,800000,1,6,5,3
551,208,19,74943,4,2,3,0,1,6
552,94,265,30244,0,6,4,3,2,5
553,94,298,28434,5,0,4,6,3
554,179,169,463048,1,6,3,5,2,4
555,176,285,27071,2,0,4,1,3
556,94,89,474568,2,3,4,5,0
557,215,169,164797,1,6,4,0
558,118,19,60168,3,2,1,0
559,94,89,326780,5,1,6
560,79,201,12769,6,0,3
561,179,177,332613,1,6,4,2,5,0
562,103,11,800000,3,6,1,2
563,179,89,509818,6,0,2
564,172,11,265419,3,1,4,5,2,6
565,8,162,85060,2,1,6,3,5
566,179,265,41593,4,1,2,5,3
567,118,201,14118,6,1,2,5
568,176,177,83153,5,6,2,3,1,0
569,68,85,10861,4,3,6,2,5,0
570,6,89,800000,0,4,1,3,6
571,179,298,35675,2,3,6,1,0
572,68,285,22443,3,6,2,1,4,0
573,24,169,138966,0,3,2,6,4,1
574,103,277,18856,6,5,2
575,171,19,69942,6,2,0,5,4
576,103,298,17704,3,1,0,5
577,118,11,58129,5,1,2
578,89,298,14581,2,6,1,0,4,5
579,24,89,630762,6,0,5
580,216,11,193105,0,2,1,3
581,94,162,166560,4,1,0
582,8,169,441381,0,1,4
583,68,265,23672,3,5,0,4,6
584,176,89,84704,3,5,4,1,6,2
585,208,298,31929,5,4,1,3
586,68,162,18854,0,5,3,6
587,176,19,72365,5,4,6,3
588,103,201,16773,6,5,3
589,208,201,54924,3,4,6,5
590,216,11,193105,0,2,1,3
591,94,177,375000,4,3,2
592,118,162,82022,5,3,2,6
593,215,265,33285,1,3,5,2,4
594,79,11,800000,4,5,1
595,215,19,76931,3,4,0,6,5
596,103,89,800000,1,2,5,4,6,3
597,172,169,625917,6,4,1,3,0
598,171,201,41784,6,0,1,5,4,3
599,118,162,62583,6,2,1,5,0
600,179,265,33173,0,2,1
601,216,11,193671,1,0,4
602,94,19,362285,5,2,3,4
603,103,169,628410,4,5,3
604,208,277,37458,6,4,0,1,3
605,208,201,52220,4,0,3,6
606,94,19,290446,6,1,3,0,5
607,179,285,32386,4,1,5,3,2,6
608,122,11,60118,1,2,5
609,95,169,722166,4,2,1,0,6
610,94,298,28728,6,1,5,4,2,3
611,24,162,54275,1,5,2,0
612,171,285,28593,4,3,0,2,6,5
613,122,265,19258,0,3,1,2,4,5
614,179,19,317691,6,4,0,1
615,79,85,800000,6,5,1
616,171,19,60474,0,3,4,2,1,5
617,215,162,106164,5,0,2,1,3,6
618,95,11,196830,4,0,5,3,1,2
619,103,265,18046,6,3,2
620,176,177,79080,3,5,6,1,2,4
621,215,298,24644,1,4,6,2,3
622,216,277,11343,2,6,1,0,5,4
623,94,85,284162,5,4,2,3
624,176,285,27195,6,5,0,4,3
625,94,177,375000,4,3,2
626,172,201,50712,2,4,6,3,5
627,171,89,66293,4,5,6
628,108,162,61843,3,5,4,1,0,2
629,122,162,93151,4,0,1,6,3,5
630,171,85,56538,0,2,4
631,172,201,50571,1,5,2,3,6,0
632,118,277,16189,4,2,5,0,3,1
633,95,298,30352,2,3,5
634,122,201,20354,0,6,2
635,176,19,66564,5,3,1,6,2,4
636,95,85,336380,4,2,3,0,5
637,176,201,36260,0,2,3,1,6,5
638,208,277,37458,6,4,0,1,3
639,89,201,13042,3,1,2,5,4,0
640,122,162,111680,4,3,1,6,2
641,179,177,446749,4,1,5
642,215,277,32370,0,1,3,2,6,4
643,208,201,54924,3,4,6,5
644,68,85,10861,4,3,6,2,5,0
645,108,265,10615,4,3,1,5
646,179,19,317691,6,4,0,1
647,171,19,60474,0,3,4,2,1,5
648,103,201,20213,5,0,1,2
649,103,201,20213,5,0,1,2
650,216,85,176175,2,6,5,1
651,179,265,33173,0,2,1
652,95,19,329991,3,2,5,6
653,8,285,10067,5,4,1
654,95,169,385267,3,5,6,4,0
655,215,201,55637,1,4,2
656,152,85,800000,3,0,6,1,5
657,24,89,630762,6,0,5
658,122,277,23512,2,6,4,3,1
659,103,265,20357,6,2,3,5
660,208,277,37458,6,4,0,1,3
661,171,277,36836,5,4,1,0,6,3
662,172,162,164903,3,2,5,1
663,122,298,21307,2,3,0
664,79,162,86095,1,3,6,4,5
665,122,162,126173,1,6,4,0,5
666,152,169,223900,5,4,0,2,3,1
667,24,162,67962,2,6,3,5,0
668,208,11,41550,5,0,3,1,4,2
669,215,277,37201,0,6,5
670,208,298,29499,3,1,6,4,5,2
671,24,85,800000,2,4,0,5
672,6,19,800000,2,3,6,1
673,89,11,800000,2,5,0,3,4,1
674,215,169,164797,1,6,4,0
675,122,19,70640,1,0,5,6
676,172,85,255081,6,4,5
677,8,162,87636,5,3,0,6,4,1
678,216,298,11414,2,3,1,0,5
679,208,85,68445,0,6,3,5
680,171,265,25866,5,4,2,3
681,103,285,17247,3,6,4
682,68,298,24298,4,3,5,2,1
683,122,177,81635,5,1,4,2,3
684,6,89,710343,0,2,6,1,5
685,208,277,38489,0,4,5,1,2
686,122,162,84858,2,1,6
687,103,11,481761,5,1,3,0,4
688,89,11,800000,2,0,6,5,3
689,68,19,10016,4,3,6,1
690,8,19,800000,1,5,6,4,0,2
691,8,285,10067,5,4,1
692,179,11,196333,6,0,4,1,2
693,208,19,85944,5,3,1
694,118,85,74205,2,1,4,6,5,3
695,79,298,12982,3,4,2,1,6
696,94,162,143312,5,1,4,0,2,6
697,89,285,13029,6,3,4,5
698,215,298,29680,6,0,5,4,1,2
699,6,19,396705,1,5,3,0,6,2
700,118,162,82022,5,3,2,6
701,118,162,82022,5,3,2,6
702,171,162,119385,2,1,6
703,172,177,428531,3,5,2,0,1,6
704,216,11,193105,0,2,1,3
705,172,285,38861,4,6,0,1,5
706,108,85,800000,6,5,4,3,1,0
707,208,11,52426,4,6,1
708,79,265,12370,5,3,4,0,1,2
709,179,162,131615,2,4,5,0,6,1
710,215,265,31399,0,4,1,2,6
711,103,201,20213,5,0,1,2
712,79,11,800000,4,5,1
713,216,19,217266,4,3,6,5,2
714,94,277,37556,1,5,0,6,3
715,103,19,800000,0,4,2,3
716,176,169,140955,4,1,5,3,6
717,68,162,18854,0,5,3,6
718,171,277,32079,6,1,2,3,4
719,68,298,26436,4,1,0,2,6
720,152,85,800000,3,6,5,2,4
721,95,298,31353,1,5,3,6,0
722,108,89,800000,0,4,6,5
723,95,19,346611,4,5,1,2,0,3
724,208,19,85944,5,3,1
725,118,162,101939,5,4,0,1,6
726,215,277,44730,0,2,3,1,5,4
727,171,162,119385,2,1,6
728,216,277,11343,2,6,1,0,5,4
729,216,298,12495,5,6,1
730,122,298,25105,4,5,2,3
731,79,169,481191,2,1,0
732,216,201,10060,2,1,0,3,6,4
733,95,177,391286,2,1,3
734,89,177,800000,1,5,3,0,2
735,152,85,800000,5,3,4,1,2
736,6,298,10332,4,0,5,2
737,8,11,800000,6,2,3
738,24,169,215387,2,0,6,5
739,122,89,97890,2,1,3,5,4,0
740,208,177,58057,2,5,0,1,6,3
741,108,89,800000,0,6,1,4,3,5
742,94,277,37026,1,3,0,5
743,179,19,242421,2,6,0,4,5
744,103,298,18665,6,2,0,1
745,172,19,365754,5,4,2,3,1,6
746,89,19,800000,1,6,3
747,215,298,29680,6,0,5,4,1,2
748,103,277,20287,0,2,6
749,94,19,290446,6,1,3,0,5
750,215,277,37201,0,6,5
751,152,85,800000,3,6,5,2,4
752,108,285,10861,0,6,2,1
753,95,11,196830,4,0,5,3,1,2
754,108,89,800000,3,5,1,0,4
755,171,201,47220,6,2,1
756,95,285,33494,5,2,6,3,1
757,215,201,45481,4,2,3
758,24,169,215387,2,0,6,5
759,68,265,23672,3,5,0,4,6
760,68,298,26436,4,1,0,2,6
761,172,177,428531,3,5,2,0,1,6
762,68,89,14021,6,1,0,3
763,103,11,800000,3,6,1,2
764,8,89,800000,2,3,6
765,6,162,49325,6,3,0,5
766,89,11,800000,3,6,5
767,171,298,23425,3,4,2,5,6,0
768,215,201,32008,0,6,4,2,5,1
769,103,85,644716,1,0,5,3,2
770,89,19,800000,1,6,3
771,171,285,28593,4,3,0,2,6,5
772,103,277,19076,6,5,2,1
773,171,85,65767,3,4,2,5,1,0
774,103,85,644716,1,0,5,3,2
775,171,11,63024,6,1,0,4,2,3
776,176,298,24982,3,4,1,5
777,103,19,800000,1,5,4,6,2,3
778,103,169,530962,0,3,1,6,4
779,108,162,59743,2,1,6,3
780,118,201,15781,2,0,1
781,103,11,800000,3,6,1,2
782,171,85,62898,0,6,3,4,1
783,95,201,52330,1,6,2
784,118,277,16189,4,2,5,0,3,1
785,79,11,800000,2,0,3,1
786,152,85,800000,3,6,5,2,4
787,79,285,12836,3,2,1,5
788,103,11,598953,3,5,2,0
789,6,169,228497,5,2,6
790,94,19,290268,2,1,4,5,3
791,172,277,43492,5,2,1,6,3
792,108,11,800000,0,6,3
793,215,11,40268,2,0,4,5,6,1
794,171,85,67810,2,1,6,4
795,94,285,32842,0,6,4,5
796,103,285,15456,4,1,5
797,172,19,427957,1,4,0,5
798,95,19,329991,3,2,5,6
799,89,19,800000,2,5,6,3
800,8,169,441381,0,1,4
801,215,89,83299,3,5,0,1,6
802,95,177,391286,2,1,3
803,94,19,362285,5,2,3,4
804,122,85,66830,0,1,6,2,5
805,103,265,20357,6,2,3,5
806,79,169,475719,5,6,4
807,89,169,399398,6,5,4,2
808,103,169,628410,4,5,3
809,171,285,24578,1,6,5,4
810,172,177,367172,0,6,2
811,24,177,800000,0,5,2,6
812,95,169,396914,1,3,0,2,4,6
813,6,177,800000,4,0,6,5,3,2
814,79,89,800000,5,1,4,6,2
815,176,162,116784,3,1,2,6,4
816,171,11,45339,0,5,1,3,6,4
817,172,162,159664,0,6,1,3,2
818,94,11,201032,2,6,1,4,5,3
819,95,265,35089,1,6,0,5,3
820,152,19,800000,2,4,5,0
821,208,177,76013,4,6,5,0
822,216,177,201441,3,4,2
823,79,265,12612,6,1,5,3
824,172,11,241488,2,6,3,0,1,4
825,94,265,31555,6,2,0,4
826,208,298,26858,5,2,0,4,3,6
827,118,277,15595,5,3,2,6
828,152,169,203218,0,5,6,4,1,2
829,118,277,16189,4,2,5,0,3,1
830,172,177,452619,3,5,1,2,6,0
831,172,177,428531,3,5,2,0,1,6
832,103,201,18866,6,4,5,2
833,68,265,22906,1,0,5,4,6,2
834,89,265,15191,1,0,4,5,6
835,94,177,455017,5,1,0,6
836,172,19,429393,2,0,6,4
837,216,265,10640,1,2,4,5
838,172,177,452619,3,5,1,2,6,0
839,152,177,800000,3,6,1,0
840,171,89,87080,4,6,1,3
841,94,298,28434,5,0,4,6,3
842,79,162,86095,1,3,6,4,5
843,103,169,530962,0,3,1,6,4
844,103,85,800000,1,5,3
845,176,85,62490,2,1,3
846,171,85,62898,0,6,3,4,1
847,118,277,15595,5,3,2,6
848,89,285,12668,0,4,2
849,95,169,396914,1,3,0,2,4,6
850,118,177,82537,5,3,4,1
851,176,298,30677,4,0,1,2,6,3
852,215,169,132053,3,0,4,2,5
853,6,85,649862,6,3,2
854,79,162,86095,1,3,6,4,5
855,6,298,10006,3,1,4,5,6
856,152,162,50149,0,3,2
857,152,169,223900,5,4,0,2,3,1
858,8,277,12633,4,0,6,3,5
859,172,285,32704,6,3,1,4
860,122,201,19577,5,0,6,3,4
861,79,285,12836,3,2,1,5
862,108,11,800000,4,6,0,2,5,3
863,215,85,73343,0,5,1,3,4,2
864,179,201,43133,5,2,1
865,95,177,296875,4,0,3,2,5
866,122,11,62403,3,2,1,6,0
867,24,177,800000,5,0,4,1
868,216,89,174931,4,6,2,1
869,152,19,800000,6,4,0,1,2
870,216,265,10811,1,4,5,2,0
871,176,285,29279,5,4,2,3,1
872,172,85,259273,2,1,6,5
873,94,162,166560,4,1,0
874,103,11,800000,3,6,1,2
875,6,19,800000,6,4,5,3,1
876,208,169,90578,0,4,6
877,79,265,12377,0,1,6
878,171,177,75482,3,5,2
879,179,11,221121,0,2,5
880,94,89,327291,2,0,6,1,4,5
881,118,162,101939,5,4,0,1,6
882,6,11,753234,5,1,2,3,0
883,108,19,800000,6,0,2
884,152,85,800000,3,6,5,2,4
885,215,177,83603,2,0,4,5,1,3
886,95,85,299535,4,1,3,2,0
887,208,177,76013,4,6,5,0
888,176,201,42242,1,0,3,2
889,108,169,252178,3,2,4
890,6,11,628783,3,2,1
891,176,19,63246,2,1,4,5,3
892,6,11,753234,5,1,2,3,0
893,176,162,130115,1,5,6,4,3
894,89,162,97078,0,3,6,4,5,1
895,89,201,16062,6,1,3,0,5,2
896,179,265,40433,2,4,5,1
897,216,277,11259,2,5,6,4,1
898,118,169,95862,6,4,1,2
899,122,177,72139,6,3,0,1,4,5
900,172,298,36394,0,1,4,5,2,6
901,176,285,26368,4,5,6
902,122,162,93151,4,0,1,6,3,5
903,118,285,16322,0,2,1,5,3
904,103,277,17463,0,1,3,5,4
905,79,265,12377,0,1,6
906,24,89,800000,3,2,1,0
907,68,89,13667,2,6,5,0
908,24,177,800000,4,0,3
909,8,201,10454,2,6,4,1
910,208,169,136738,0,4,3
911,122,89,91786,0,3,4,5
912,176,85,46109,3,4,1,0
913,118,201,15781,2,0,1
914,171,169,108098,2,5,6,0,1
915,122,298,25105,4,5,2,3
916,176,298,29758,6,0,2
917,152,85,800000,3,6,5,2,4
918,103,277,20287,0,2,6
919,208,298,31929,5,4,1,3
920,79,285,13472,0,6,3
921,103,177,800000,5,3,2
922,208,89,83800,2,6,0
923,118,285,14179,2,1,0,5
924,6,162,49325,6,3,0,5
925,179,85,257303,6,5,0
926,94,201,50661,6,1,3,4,5,2
927,108,177,800000,5,3,6,4
928,215,265,25681,4,5,0,6
929,95,85,282047,1,0,2,6,3,4
930,179,169,645944,4,6,1
931,108,265,10604,5,3,0,1
932,118,277,16540,1,4,2,0
933,68,265,22906,1,0,5,4,6,2
934,108,298,11131,4,5,3,6
935,95,201,48730,4,2,3
936,208,169,132323,6,2,5
937,89,162,117827,4,2,0,6,3,5
938,122,19,77903,2,0,3,5,1,4
939,95,201,52330,1,6,2
940,108,162,61843,3,5,4,1,0,2
941,208,11,53564,1,6,4,5,2,0
942,79,162,90115,2,5,3,0,4
943,95,89,552947,6,4,1
944,68,85,10861,4,3,6,2,5,0
945,179,177,332613,1,6,4,2,5,0
946,171,298,29365,5,2,6,4,0,1
947,179,285,36228,1,0,2,5,6
948,152,177,800000,2,6,0,1,5
949,8,298,11134,3,6,0,1
950,152,19,800000,3,6,0,5,4,1
951,68,201,27288,4,1,6
952,108,85,800000,4,3,6,2
953,122,85,59372,1,5,2,0,3,6
954,8,85,800000,3,4,2,0
955,24,162,55737,2,3,1,6,0
956,122,169,80143,3,5,4,6,0,1
957,89,169,399398,6,5,4,2
958,95,277,49743,2,6,3
959,118,277,16189,4,2,5,0,3,1
960,79,285,12836,3,2,1,5
961,176,277,33510,5,3,2
962,68,201,25918,6,2,1,3,5
