0,36,61,321280,1,4,6
1,22,10,86168,2,4,1
2,42,61,800000,4,1,5,0
3,36,39,19594,6,5,2,4,1
4,41,50,800000,0,3,5,1,6,4
5,42,37,23389,2,6,0
6,41,30,435496,6,5,3,1
7,12,61,221044,3,1,0,6,5
8,31,37,14175,6,0,1,2,5
9,36,50,250222,6,5,3,1
10,37,30,58855,5,1,3,2,6,4
11,36,50,250222,6,5,3,1
12,36,47,354719,4,1,6,2,3,5
13,64,30,87849,6,3,0,1,5,4
14,42,66,474750,5,0,2,4
15,41,36,150894,6,0,2,1,4,5
16,47,36,169509,4,5,0,6,3
17,31,30,800000,2,5,0,4
18,17,61,32073,5,4,2,3,0,6
19,22,37,67814,5,4,3,1,2
20,14,36,134335,1,2,4,0,5
21,73,37,44115,4,2,3,1,0
22,2,61,800000,1,3,5,0
23,36,73,19700,3,0,1,5,2
24,47,66,800000,2,1,4
25,42,36,116869,4,5,1,6,0
26,63,66,800000,5,2,1,0,4
27,31,15,16712,1,3,6,4,2
28,64,37,63599,5,4,0,1
29,2,39,11757,0,3,5
30,41,36,149617,1,5,2,3,4,6
31,41,77,125896,3,1,5
32,41,50,800000,6,0,2
33,63,66,800000,3,6,0,2
34,2,10,11235,2,6,0,5
35,22,73,62903,0,5,3,4
36,42,66,578598,4,1,5,0
37,42,10,31702,2,0,1,5
38,22,25,78199,6,4,1,0,2,5
39,17,10,28561,1,3,4,2
40,5,61,800000,2,5,6,0
41,41,36,125975,0,5,2,4,1,3
42,36,77,186107,0,2,1,3
43,37,36,18817,1,6,3,4,5
44,63,66,800000,5,2,6,0,3,4
45,44,66,488523,1,2,4
46,36,10,18682,2,5,1,6,0
47,36,37,19594,0,5,4,3
48,64,25,124930,2,5,3
49,36,39,20167,6,5,4,3
50,42,77,125627,0,1,5,4,2
51,0,30,292608,4,3,6,5
52,42,30,800000,0,2,4,5,3,1
53,2,50,800000,2,4,5,6,3
54,42,61,800000,0,4,5
55,2,77,189466,1,6,4,5,2
56,36,73,17585,4,0,2,3,1,5
57,12,66,286493,2,6,1,0
58,47,36,218186,1,2,0,5,6
59,2,10,10501,4,1,0,3,6,5
60,2,77,200768,2,1,4
61,0,47,384097,3,4,6,2
62,63,50,800000,5,2,0,6,1,4
63,41,36,110605,2,5,3
64,64,10,103520,3,5,6,2,0,1
65,2,61,800000,3,4,1,2,6
66,44,36,124561,6,5,2
67,63,30,596768,1,4,2,5,3,6
68,73,15,50111,2,4,1,6
69,63,61,800000,6,1,2
70,14,50,800000,4,0,2,1,6
71,44,66,488523,1,2,4
72,36,39,20167,6,5,4,3
73,42,61,800000,0,4,5
74,47,73,11992,5,2,1,0,4,6
75,41,47,800000,6,4,5
76,47,61,800000,5,1,4
77,6,61,800000,0,2,6,1,4
78,6,66,800000,0,6,1,2,4
79,31,30,800000,5,1,3,4,0
80,2,66,800000,5,2,6,1
81,31,10,16016,1,6,4,2,3,0
82,2,36,207550,4,1,5,6,2
83,63,47,800000,6,1,3
84,36,39,19311,1,5,6,3,2
85,17,25,32089,1,6,3
86,22,47,13429,4,0,6,5,2
87,64,61,36303,2,6,0,5
88,41,30,434820,0,5,4,1
89,44,25,89227,0,5,2,1,6,4
90,31,47,800000,4,0,3
91,17,36,22330,6,1,5,0,4,2
92,44,77,125892,3,5,4,6,2
93,31,66,800000,6,1,5,3
94,63,36,158580,6,1,0
95,17,73,27186,3,0,6
96,5,47,800000,1,3,2,5,0,4
97,42,61,800000,4,1,5,0
98,31,39,17589,0,1,4,2
99,36,37,21058,3,1,5,6
100,14,47,800000,2,6,1,5,3,4
101,12,61,293361,0,3,2,4
102,64,77,23709,1,2,5,4,3,0
103,42,61,800000,2,5,3,4,0,6
104,6,66,800000,6,0,4,3
105,42,39,23459,5,3,6,0,4,2
106,22,39,43270,4,6,3,0,5,1
107,37,73,52394,3,4,1,2,6,5
108,0,30,467894,0,6,1,2,5
109,31,37,16034,1,5,6,0
110,36,10,18682,2,5,1,6,0
111,42,10,26763,5,1,2,6,3
112,31,77,242834,2,3,6,5
113,0,30,292608,4,3,6,5
114,44,37,81950,4,1,3,5,6
115,37,15,47451,0,5,6,4,3
116,6,36,135967,6,4,3
117,64,30,101730,5,1,2,0,6,4
118,6,61,800000,4,2,3,5
119,64,61,42464,0,2,1,4
120,14,77,128910,2,4,6,3
121,36,73,17585,4,0,2,3,1,5
122,44,66,488523,1,2,4
123,22,36,20821,2,1,5,0,3
124,14,77,152921,4,3,2,0
125,73,10,65881,5,6,1,3,2,4
126,63,30,555617,3,5,2,4,1
127,31,36,221634,5,4,6,3,1,0
128,12,77,165426,3,4,0,5,1,6
129,5,47,800000,5,4,1,0
130,42,66,518343,5,6,0
131,17,10,28561,1,3,4,2
132,31,77,207984,3,0,5
133,64,37,63599,5,4,0,1
134,36,77,189466,3,1,4,2,0
135,64,73,68780,2,4,5,3
136,5,66,800000,5,6,1
137,44,25,89227,0,5,2,1,6,4
138,6,36,156566,6,5,4,1,3
139,31,30,800000,5,4,1,0,6,3
140,31,47,800000,4,0,3
141,37,25,63717,0,2,3,5,4,6
142,5,47,800000,4,0,1,2,3,5
143,12,61,327048,1,0,6,5,2,3
144,5,30,396256,3,2,1,0,5,6
145,0,66,466471,2,1,4,5,6,0
146,47,15,12276,0,6,5,2,1,3
147,47,39,13928,5,3,1,0,4,2
148,42,30,800000,5,6,3
149,31,25,15814,0,5,6,3
150,31,10,17261,3,6,1,5,2,4
151,0,50,329093,4,5,0
152,36,10,20074,3,4,5,2
153,22,15,66117,2,4,0,3
154,44,15,98557,4,6,3,0
155,37,10,64895,6,0,1,2,3
156,73,15,55285,6,3,0,1,2
157,64,39,43606,5,4,6,3,1,2
158,44,36,142913,4,3,2
159,0,66,356873,5,6,0
160,31,77,190686,6,3,1,4,2,5
161,37,25,63717,0,2,3,5,4,6
162,31,66,800000,4,5,2,6,0
163,44,47,800000,5,3,0,6
164,36,10,20074,3,4,5,2
165,2,50,800000,1,2,4,0,6
166,0,36,107604,1,2,6,5,0
167,22,36,20967,1,0,6,2
168,0,47,396719,2,4,1,5,0
169,22,39,45578,2,3,1,0
170,63,30,596768,1,4,2,5,3,6
171,42,36,112643,6,3,1,4
172,12,50,316592,5,2,3,1,6
173,41,77,125896,3,1,5
174,64,36,17251,0,1,6,2,3,5
175,47,39,14353,0,6,1
176,42,61,800000,0,4,5
177,12,50,316592,5,2,3,1,6
178,73,39,42487,1,2,5,3,4,6
179,22,36,22766,0,3,5,1
180,36,47,315955,3,4,0,6
181,31,25,15007,0,4,2,3,5,1
182,64,47,11775,2,0,5,4
183,2,73,10014,0,4,3,6
184,44,36,142913,4,3,2
185,0,47,339963,2,0,5
186,0,50,380887,1,0,2
187,2,37,10705,3,4,2
188,41,50,800000,6,0,2
189,44,39,48065,1,3,2,0
190,37,10,64895,6,0,1,2,3
191,12,47,337316,4,2,0,1
192,14,77,128910,2,4,6,3
193,36,37,18213,0,6,4,1
194,22,25,69347,4,6,1
195,2,36,199403,1,2,6,5,4,3
196,2,15,10551,6,3,1,2,0
197,37,15,69624,0,4,5,2
198,42,47,786328,3,2,1,0
199,42,47,786328,3,2,1,0
200,17,73,27801,6,5,3,2,0,1
201,14,47,800000,6,0,2,3
202,42,77,128695,1,0,6
203,5,77,166422,1,0,6,4
204,2,25,12391,1,5,3,0,4
205,63,61,800000,0,2,6,4
206,31,25,15007,0,4,2,3,5,1
207,6,47,800000,2,0,4,5
208,12,66,289266,1,5,0
209,2,61,800000,1,3,5,0
210,73,30,62980,1,4,5,6
211,47,30,800000,0,2,1,6
212,12,66,238266,5,3,4
213,0,77,99325,1,5,4,2,6
214,5,50,800000,1,6,2
215,42,37,23389,2,6,0
216,41,30,417693,5,6,1,0,2,3
217,42,47,725992,3,0,4,1
218,14,50,800000,4,0,1
219,42,15,26665,4,1,2,6,5
220,63,47,800000,6,1,3
221,36,30,262724,1,3,6
222,47,15,12276,0,6,5,2,1,3
223,42,10,31702,2,0,1,5
224,47,37,14355,2,6,5,3
225,2,61,800000,3,4,1,2,6
226,2,10,11230,4,3,6,2,1,0
227,73,39,37890,0,6,2,4,1,5
228,5,61,800000,5,6,0,3,1,2
229,44,30,800000,3,1,0,2
230,12,47,318672,3,4,0,2,1,5
231,64,25,100378,1,0,2,4
232,2,10,11259,4,2,6
233,64,73,68780,2,4,5,3
234,2,77,229981,0,3,5
235,63,50,800000,2,6,0,4,1
236,42,61,800000,2,5,3,4,0,6
237,22,30,84886,5,3,1,4,6
238,5,77,143537,1,2,5,4
239,41,77,113131,6,1,4
240,44,36,142913,4,3,2
241,42,10,26763,5,1,2,6,3
242,44,30,800000,5,3,2,4,1,0
243,31,50,800000,2,6,1
244,73,39,37966,6,5,1,4,0,3
245,0,30,515451,4,6,0
246,64,15,101721,6,4,0,3,1
247,41,77,125896,3,1,5
248,5,66,800000,6,1,5
249,63,77,123788,6,5,4,3,2
250,6,77,152746,4,6,2,0
251,47,15,12655,0,6,1,4
252,0,50,466296,0,3,4,5
253,14,50,800000,4,0,2,1,6
254,42,47,725992,3,0,4,1
255,17,61,32350,5,1,3,6
256,17,39,32304,2,4,1,5,0
257,47,77,201726,1,5,6,4,2,0
258,37,25,63717,0,2,3,5,4,6
259,42,39,23459,5,3,6,0,4,2
260,2,37,10968,6,3,1,0
261,42,15,27083,2,3,1
262,64,77,20162,4,5,0,2,6,3
263,17,47,12611,4,0,5,6,2,1
264,41,36,125975,0,5,2,4,1,3
265,73,47,12305,3,4,5
266,0,47,339963,2,0,5
267,63,30,555617,3,5,2,4,1
268,2,61,800000,0,5,2,1,6
269,64,15,111813,2,5,0,4,3
270,2,39,12214,3,1,2,4,6,0
271,42,37,25087,2,4,1
272,42,50,416721,1,2,3
273,37,73,43720,0,2,4,1,5
274,31,10,17261,3,6,1,5,2,4
275,0,47,472836,5,2,1,0
276,41,77,108942,0,3,6,1,5
277,22,39,45578,2,3,1,0
278,31,25,15007,0,4,2,3,5,1
279,42,37,26345,6,5,2,4,3,1
280,37,15,69624,0,4,5,2
281,2,77,189466,1,6,4,5,2
282,41,77,108942,0,3,6,1,5
283,0,47,472836,5,2,1,0
284,73,30,60412,3,6,4,2
285,31,47,800000,4,6,3,0
286,64,47,11867,2,3,5,4,6
287,12,61,293361,0,3,2,4
288,36,61,327640,3,5,4
289,17,30,34957,1,2,4,0,5
290,44,77,125892,3,5,4,6,2
291,36,61,321280,1,4,6
292,2,61,800000,0,5,2,1,6
293,22,39,45578,2,3,1,0
294,36,10,18682,2,5,1,6,0
295,31,39,16600,0,2,5
296,63,50,800000,6,1,2,5,0
297,6,61,800000,4,2,3,5
298,31,37,15666,2,3,5,1,4,0
299,31,25,15814,0,5,6,3
300,63,77,123788,6,5,4,3,2
301,12,47,363645,1,2,6,5,0
302,6,77,179604,0,5,1,2,4,3
303,42,36,96771,0,4,6,1,3,5
304,12,47,363645,1,2,6,5,0
305,63,50,800000,6,1,2,5,0
306,44,77,105052,4,1,0,2,3,6
307,64,61,40460,3,0,4,1
308,73,47,12305,3,4,5
309,22,73,54499,5,1,6,4,2,3
310,73,36,15050,4,0,2,6,5
311,73,10,53751,3,2,0,6,4,5
312,37,73,47366,6,5,2
313,31,77,236120,3,0,2
314,47,36,218186,1,2,0,5,6
315,63,77,123788,6,5,4,3,2
316,64,37,69748,0,1,6
317,5,77,143537,1,2,5,4
318,47,50,800000,6,2,1
319,22,39,41863,0,2,4,1
320,73,37,52051,3,4,0,5,6,1
321,47,77,200679,6,0,5,4
322,73,39,37966,6,5,1,4,0,3
323,22,36,22766,0,3,5,1
324,22,15,81468,1,3,0,4,6,5
325,17,36,22330,6,1,5,0,4,2
326,0,77,99325,1,5,4,2,6
327,31,73,15620,0,4,6,2
328,36,10,20014,1,5,0,2,4,6
329,5,61,800000,4,6,1,2
330,0,77,115617,5,0,6
331,36,50,250222,6,5,3,1
332,17,25,32798,0,2,3,6,4,1
333,31,77,242834,2,3,6,5
334,36,37,21058,3,1,5,6
335,0,61,419961,3,6,0
336,5,36,157434,1,6,2
337,2,39,12214,3,1,2,4,6,0
338,0,30,467894,0,6,1,2,5
339,5,77,142844,3,0,4,1,2
340,17,47,11605,5,4,6
341,47,66,800000,2,1,4
342,0,30,292608,4,3,6,5
343,64,10,103520,3,5,6,2,0,1
344,64,73,58907,2,0,3
345,44,50,448932,4,0,2,5
346,73,25,63163,3,4,6,1,2
347,47,36,172172,6,4,1,2,5,3
348,36,15,18313,1,4,5,2,6
349,22,77,21275,6,3,2,0,4
350,47,10,12844,0,6,1,2,3
351,44,30,800000,3,1,0,2
352,0,47,396719,2,4,1,5,0
353,12,50,316592,5,2,3,1,6
354,64,30,105344,0,4,2,6,5,3
355,42,30,800000,1,6,4,5,0
356,14,66,800000,2,0,6
357,17,61,32350,5,1,3,6
358,64,15,109086,1,0,4,2
359,22,73,65194,6,1,4,2
360,63,36,155914,0,3,4,1,2,5
361,64,47,11775,2,0,5,4
362,64,25,124930,2,5,3
363,31,77,242834,2,3,6,5
364,44,15,75861,1,0,5
365,14,47,800000,2,6,1,5,3,4
366,36,30,230780,4,3,2,0,5
367,2,30,800000,4,2,1,6
368,73,30,60412,3,6,4,2
369,2,15,10779,4,0,2,1,3,5
370,17,77,24438,2,0,1,5,6,4
371,37,39,45382,2,0,5,3,4
372,47,36,169509,4,5,0,6,3
373,6,47,800000,5,0,4
374,42,66,474750,5,0,2,4
375,37,61,34228,4,0,1,5,6
376,63,66,800000,5,2,1,0,4
377,47,73,11992,5,2,1,0,4,6
378,14,61,800000,2,1,5,4,3,0
379,47,10,13452,0,1,2
380,22,61,33278,0,2,6,4
381,64,36,18250,1,6,0,4,5,3
382,14,61,800000,6,1,0,2
383,42,30,800000,5,6,3
384,22,37,60419,0,2,5,4,6,3
385,47,25,14122,1,4,3,6,5,2
386,44,36,129719,1,6,4,5
387,6,77,152746,4,6,2,0
388,37,30,66110,1,0,6,4
389,42,10,27548,4,6,5,2
390,47,61,800000,1,5,6,4,3,0
391,22,15,81468,1,3,0,4,6,5
392,73,25,47155,1,2,4,6
393,31,73,17123,3,5,4,6
394,17,61,32837,5,1,4
395,2,39,11757,0,3,5
396,37,47,11310,5,6,0,4
397,36,50,250222,6,5,3,1
398,12,77,165426,3,4,0,5,1,6
399,12,50,250488,1,6,4
400,22,61,36777,3,1,4,6,0,5
401,31,30,800000,5,4,1,0,6,3
402,64,10,99246,0,1,3,6,2,5
403,36,10,20014,1,5,0,2,4,6
404,73,15,50111,2,4,1,6
405,44,36,129719,1,6,4,5
406,17,37,33768,2,6,3,0
407,64,10,99246,0,1,3,6,2,5
408,42,25,28435,5,3,6,2,1
409,47,30,800000,3,4,6,1,5,2
410,37,39,41153,4,0,3
411,2,37,10705,3,4,2
412,63,77,123788,6,5,4,3,2
413,63,61,800000,6,0,1
414,36,37,21058,3,1,5,6
415,42,66,609283,6,3,0,4,2
416,47,37,14355,2,6,5,3
417,5,36,119105,6,2,4,1,3
418,42,10,26763,5,1,2,6,3
419,14,47,800000,2,6,1,5,3,4
420,41,66,800000,2,0,3,6,1
421,22,10,74560,5,1,4,6,2,3
422,64,36,15787,1,3,5,0,2
423,0,61,474189,6,0,3,4,1
424,17,25,32089,1,6,3
425,2,37,10218,3,1,5,0
426,22,15,81468,1,3,0,4,6,5
427,42,10,31702,2,0,1,5
428,31,61,800000,3,6,0,2
429,73,47,12305,3,4,5
430,42,66,518343,5,6,0
431,64,30,101730,5,1,2,0,6,4
432,37,61,33643,6,4,0,1,5
433,37,47,11029,3,0,1,2
434,17,25,30025,2,3,4,0
435,17,10,28561,1,3,4,2
436,14,30,505463,4,1,3,2,0
437,41,66,800000,6,1,2,0
438,64,39,43606,5,4,6,3,1,2
439,47,10,14281,0,4,1,6
440,41,50,800000,4,5,3,2,6
441,36,10,22756,0,6,4,2,3,1
442,44,15,93963,3,4,1
443,14,77,128910,2,4,6,3
444,2,36,154258,6,4,2,5,1,3
445,12,61,293361,0,3,2,4
446,36,66,342844,6,4,2,1,5
447,31,77,242834,2,3,6,5
448,36,66,251943,5,4,0,6,1
449,2,36,207550,4,1,5,6,2
450,37,77,25143,6,3,0,4,2,1
451,0,77,100494,4,0,5,2
452,14,50,800000,4,5,3,2,1
453,42,73,25340,5,3,4,2
454,31,47,800000,4,6,3,0
455,6,61,800000,0,2,5
456,17,37,31791,0,1,2,6,3
457,2,73,10147,4,6,0,5
458,17,77,24038,3,2,6,0,4
459,41,30,434820,0,5,4,1
460,42,47,685306,0,2,4,3
461,37,25,60350,5,3,1,0
462,44,36,129719,1,6,4,5
463,63,77,171211,1,5,2,4,6,0
464,2,15,10779,4,0,2,1,3,5
465,0,47,339963,2,0,5
466,44,50,448932,4,0,2,5
467,47,15,11905,2,6,4,1,0
468,64,47,11775,2,0,5,4
469,44,10,89962,3,2,6,5
470,37,30,56380,1,4,3,5
471,17,39,35430,6,3,0,5,1,4
472,17,47,12611,4,0,5,6,2,1
473,5,77,142844,3,0,4,1,2
474,31,25,15007,0,4,2,3,5,1
475,17,30,33900,5,0,3
476,41,30,434820,0,5,4,1
477,31,39,17589,0,1,4,2
478,36,61,341730,5,4,2,0
479,31,66,800000,6,1,5,3
480,63,30,596768,1,4,2,5,3,6
481,2,39,11757,0,3,5
482,44,50,350240,6,2,3
483,36,66,342844,6,4,2,1,5
484,37,39,45382,2,0,5,3,4
485,36,37,19594,0,5,4,3
486,44,37,81950,4,1,3,5,6
487,73,36,18516,2,3,1,5,0,6
488,37,77,23807,1,4,6,3,2
489,12,77,153701,6,4,2
490,44,77,105052,4,1,0,2,3,6
491,17,39,32304,2,4,1,5,0
