0,31,57,33407,2,1,0,5,4
1,36,57,41730,1,6,3,5,2,4
2,31,54,53583,0,5,3,2,1,4
3,33,27,156586,0,3,2,4,1
4,4,9,800000,3,5,2
5,2,9,800000,3,1,4,0
6,64,9,230902,6,4,3
7,25,57,47141,5,6,1,3
8,5,65,100853,2,0,6
9,64,65,119763,2,1,4
10,1,27,749227,2,5,3,4,1
11,13,9,800000,2,6,0,3,5,1
12,5,65,101841,2,6,3,0
13,31,54,71546,3,0,5,1,6
14,44,9,216081,0,3,4,1
15,31,9,293293,0,2,6
16,33,9,206100,1,4,3
17,5,54,84431,2,0,3,1
18,10,57,44172,6,0,5,4
19,4,27,800000,5,0,6
20,52,27,800000,0,2,6,5
21,5,65,131802,6,3,1
22,5,3,800000,5,3,6,1,0,4
23,44,36,10067,4,6,0
24,64,27,130025,0,4,3
25,25,36,36921,0,5,3
26,1,54,62696,2,4,5,0,6,1
27,59,57,56024,5,2,0,1
28,44,61,476557,2,4,3
29,19,17,14092,2,4,1
30,44,17,14838,4,1,0,6
31,25,10,60717,5,4,1,0,3
32,10,57,44172,6,0,5,4
33,13,54,75306,1,4,0
34,44,17,14838,4,1,0,6
35,64,27,137292,5,0,2,3,6
36,31,17,19427,0,6,5,3,4,1
37,44,3,383145,5,6,3,2
38,36,17,19848,4,1,3
39,31,10,29135,0,5,2
40,4,3,475171,1,6,3,5,4,2
41,4,54,98661,5,0,2,4,3,6
42,57,17,17044,2,5,6
43,44,36,10744,4,5,3,0,2,6
44,34,57,43714,3,4,1,2
45,33,65,91768,1,2,4,5
46,17,57,25676,4,1,0
47,17,36,20186,1,3,5,4,0,6
48,17,57,25676,4,1,0
49,31,17,16775,4,2,0
50,13,65,70856,2,5,4,3,1,6
51,31,36,26916,2,4,6,0,5,3
52,5,3,401147,1,5,2
53,25,57,43662,1,3,6
54,33,61,126872,6,0,3,1
55,13,9,800000,0,4,3,6,1
56,44,61,618755,0,4,2,5,3,1
57,33,61,126872,6,0,3,1
58,36,17,19658,2,3,0,6,4
59,31,17,19427,0,6,5,3,4,1
60,2,3,400477,5,2,0,6
61,1,17,10621,2,0,4,1,6,3
62,1,10,10043,5,2,4,1
63,52,65,66122,4,6,1,2
64,31,27,195057,5,3,2,0,4,1
65,4,9,800000,3,5,2
66,44,27,380991,0,5,4,6
67,59,17,19526,6,4,3,2,0
68,25,10,43530,2,4,1
69,2,3,400477,5,2,0,6
70,5,54,110306,2,4,5,6
71,52,54,93352,0,5,4,3,1
72,2,9,800000,1,6,2,0
73,4,3,484294,5,0,3,2,1,6
74,31,54,53583,0,5,3,2,1,4
75,19,10,43021,0,6,5,2
76,25,10,60717,5,4,1,0,3
77,64,65,182426,5,1,0,3,2
78,52,9,800000,3,1,2,6
79,4,9,800000,3,5,2
80,44,9,216081,0,3,4,1
81,59,17,18780,2,0,1
82,1,54,52033,2,3,4
83,4,54,105502,3,1,5,2,4
84,44,57,13282,4,5,6
85,19,17,16819,0,3,4
86,13,3,800000,6,1,3,4,5
87,44,57,12234,2,4,6,3,0,1
88,2,57,11510,1,3,5,0
89,64,61,144296,1,4,2,3,0,5
90,44,9,347047,0,1,3
91,44,27,165419,1,5,3,0,4
92,33,54,125752,5,4,6
93,2,65,64575,3,2,6,0,4,5
94,31,9,252191,4,5,3,6
95,31,3,219829,0,5,4,6,3
96,13,61,800000,2,4,5,6
97,13,9,800000,1,0,5,2
98,2,9,800000,1,6,2,0
99,2,61,800000,5,1,2
100,44,36,10385,3,6,2,4,1,0
101,57,10,47557,5,2,4,6,0,1
102,1,54,52543,5,2,6,3,4
103,64,65,122904,3,0,5,4,2
104,59,36,35721,5,0,4,1
105,5,27,800000,2,1,0,6
106,13,54,75306,1,4,0
107,2,27,800000,1,2,0,6,4,5
108,13,65,100762,4,2,3,0
109,10,17,14901,1,2,5,3,6,0
110,4,65,92061,4,2,5,6,1
111,44,61,476557,2,4,3
112,31,57,33407,2,1,0,5,4
113,19,36,36054,3,6,5,2,4,0
114,17,10,26619,0,5,4,6,2
115,4,3,713358,1,0,2,4
116,31,17,15852,5,0,6
117,44,3,383145,5,6,3,2
118,36,57,43026,4,6,1,0
119,13,27,266367,0,2,3,1
120,2,17,12052,3,0,6,2,5
121,44,54,51838,5,6,1
122,13,9,800000,1,0,5,2
123,64,65,134627,6,3,4,2,5,1
124,2,3,430078,5,3,2,0,1
125,59,17,19526,6,4,3,2,0
126,44,61,476557,2,4,3
127,73,10,24432,4,3,0,6,2,5
128,59,17,15196,3,4,6,5,1,0
129,57,36,33427,2,0,4
130,31,65,60838,1,0,6,4
131,59,10,49329,0,5,6,1,4
132,64,27,130025,0,4,3
133,2,61,800000,4,6,1,0,2
134,33,3,308565,6,4,1,0,5,3
135,33,54,125752,5,4,6
136,33,61,192413,3,1,6,4,0,5
137,2,36,12456,3,6,2,0,4
138,36,57,29390,4,1,2,0,6,3
139,17,57,29503,4,5,2,0,3,1
140,1,65,69354,2,6,4,5,0,1
141,2,3,606029,4,0,5,6,1
142,19,57,59111,3,5,0
143,4,3,713358,1,0,2,4
144,2,61,800000,5,1,2
145,2,10,10950,4,1,2,0,3,5
146,4,54,98661,5,0,2,4,3,6
147,64,9,230902,6,4,3
148,2,10,10950,4,1,2,0,3,5
149,17,57,29503,4,5,2,0,3,1
150,2,9,800000,3,1,4,0
151,2,3,359402,6,1,2,0,4
152,31,9,266264,5,4,6,3,2,0
153,64,54,118295,0,2,5,1
154,4,9,800000,2,4,5
155,1,57,10790,4,1,6,0,5
156,13,9,800000,3,0,2
157,1,17,11058,0,2,5,4,6,3
158,31,57,41273,2,6,1,4,5,0
159,4,3,800000,4,5,0,3,1,2
160,31,36,27218,3,1,5,0
161,36,57,29390,4,1,2,0,6,3
162,44,10,11322,6,2,3,0,4,1
163,10,36,41231,0,3,6,5,1
164,52,9,800000,2,6,5
165,17,10,21038,5,1,2,0,3
166,34,36,36129,6,1,5
167,31,10,42035,5,4,2,0,6
168,31,54,71546,3,0,5,1,6
169,31,27,229895,5,1,2,3,6,4
170,64,9,179561,6,1,0,2,5
171,1,27,800000,4,3,5,6,1,0
172,44,3,335631,0,4,5,2,6
173,44,17,15041,6,5,2,1,4
174,2,10,11463,1,4,5,3
175,2,65,64575,3,2,6,0,4,5
176,4,3,800000,4,5,0,3,1,2
177,64,3,266481,5,0,1,4,2
178,34,17,17095,4,5,3
179,10,57,44172,6,0,5,4
180,4,61,800000,4,1,5,2
181,34,10,58437,1,0,6
182,17,57,23189,6,1,0,2,3,5
183,59,57,47317,2,5,0,4
184,44,10,13180,4,2,1
185,4,65,109724,2,1,0
186,31,3,219829,0,5,4,6,3
187,57,17,18308,1,4,2,5
188,34,10,46124,1,0,6,2,5
189,31,65,75267,3,6,5,0,2,1
190,57,10,57664,0,6,5,4,1
191,34,10,60742,4,3,0
192,2,9,800000,1,6,3,5
193,1,27,800000,4,5,0,2
194,5,61,800000,3,4,6,0,2
195,52,27,800000,6,5,3,0,4
196,34,36,37761,1,5,0,4,3
197,10,36,42979,0,1,2
198,1,27,749227,2,5,3,4,1
199,2,57,10987,6,4,1,3,0
200,52,3,698567,6,4,1
201,73,57,23411,1,4,2,5,3,0
202,5,65,101841,2,6,3,0
203,73,17,11930,4,1,0,6,3,2
204,10,57,54330,2,6,1,4,0,5
205,25,36,36921,0,5,3
206,25,36,36975,3,4,6,5,1
207,31,17,15553,3,6,2
208,64,3,170447,1,4,5,6,3
209,10,17,16111,4,0,5,6,3,2
210,1,3,470549,4,6,3,1
211,4,54,98661,5,0,2,4,3,6
212,33,61,126872,6,0,3,1
213,17,36,20186,1,3,5,4,0,6
214,1,17,11058,0,2,5,4,6,3
215,73,10,22188,2,4,6,0
216,64,27,81258,1,2,4,6
217,13,9,800000,2,6,0,3,5,1
218,52,9,800000,1,0,2,3,5,6
219,19,17,16028,4,5,3,2,0
220,52,54,70319,5,0,1
221,52,9,800000,2,6,5
222,31,57,33407,2,1,0,5,4
223,59,17,18780,2,0,1
224,17,10,20089,6,4,3,0,5,2
225,13,65,100762,4,2,3,0
226,34,10,46124,1,0,6,2,5
227,2,54,62259,4,5,1,0,6,3
228,44,54,51838,5,6,1
229,19,10,43021,0,6,5,2
230,44,9,347047,0,1,3
231,4,61,800000,6,3,0,4
232,33,54,133825,6,3,4,2
233,5,27,800000,4,0,6
234,1,9,800000,3,4,5
235,52,54,70319,5,0,1
236,17,36,23729,6,2,5
237,44,65,51153,5,4,2,3
238,57,36,37755,1,6,2,3,4,5
239,64,65,119763,2,1,4
240,2,61,800000,5,1,2
241,64,54,180143,6,3,0,1,4
242,5,3,800000,3,6,5
243,2,65,74253,3,1,6,2,4
244,5,54,110003,5,4,2,3
245,19,57,46237,2,6,5,4,0
246,2,61,800000,4,6,1,0,2
247,44,54,51722,1,0,5,3,2,6
248,31,3,394218,1,3,6,0,2
249,64,65,134627,6,3,4,2,5,1
250,52,65,77558,1,5,0,4,3,6
251,31,36,24289,4,5,2
252,25,10,48988,5,6,3,0,1,4
253,44,61,432042,5,6,2
254,31,9,252191,4,5,3,6
255,25,57,53496,3,6,5,4,1
256,13,27,800000,4,2,1,6,3,0
257,34,36,45425,4,3,6,5,0
258,59,57,55729,5,2,6
259,44,65,51153,5,4,2,3
260,52,65,78438,1,6,5,2,0
261,31,65,75267,3,6,5,0,2,1
262,1,27,800000,4,5,0,2
263,31,10,42035,5,4,2,0,6
264,36,17,20678,4,3,0,6,1,5
265,64,65,182426,5,1,0,3,2
266,19,17,12314,2,1,6,5,4
267,10,57,44172,6,0,5,4
268,44,57,13282,4,5,6
269,73,36,28906,3,2,4,5,0,1
270,31,9,326888,1,6,4,3,2
271,2,9,800000,6,3,2,0,5,4
272,31,3,219829,0,5,4,6,3
273,5,27,800000,4,0,6
274,57,36,43940,3,2,4,6,5
275,36,10,22784,5,6,0,3,1
276,52,65,78438,1,6,5,2,0
277,1,65,82082,2,1,0,5,4,6
278,59,57,39666,1,5,3,0,4
279,52,3,698567,6,4,1
280,2,17,10596,1,5,0
281,13,54,84443,6,2,4,1
282,52,9,800000,3,0,2,5
283,13,9,800000,3,0,2
284,31,65,66117,3,2,5,6,0,1
285,31,10,29135,0,5,2
286,59,36,41469,2,5,3,4
287,4,3,475171,1,6,3,5,4,2
288,10,57,43094,4,0,6,1,2,3
289,36,57,43026,4,6,1,0
290,73,36,23561,5,1,2,0
291,10,17,14901,1,2,5,3,6,0
292,52,61,800000,0,1,2,5,6,4
293,5,3,401147,1,5,2
294,31,27,229895,5,1,2,3,6,4
295,31,3,339862,5,1,3,0
296,44,54,59704,5,0,1,6,3
297,13,9,800000,3,0,2
298,1,27,800000,4,5,0,2
299,1,9,800000,4,0,1,3,2
300,64,65,122904,3,0,5,4,2
301,13,27,800000,4,2,1,6,3,0
302,57,17,17044,2,5,6
303,52,54,70319,5,0,1
304,17,57,29503,4,5,2,0,3,1
305,5,65,100853,2,0,6
306,44,57,13282,4,5,6
307,36,17,20678,4,3,0,6,1,5
308,44,57,12940,1,0,2,4,5
309,13,3,404710,0,6,4,5
310,52,54,70319,5,0,1
311,31,3,394218,1,3,6,0,2
312,59,17,15196,3,4,6,5,1,0
313,31,10,29135,0,5,2
314,1,27,800000,3,6,0
315,1,54,57706,5,0,2,6,1
316,44,36,10067,4,6,0
317,13,27,266367,0,2,3,1
318,2,9,800000,1,6,3,5
319,64,3,170447,1,4,5,6,3
320,57,36,43940,3,2,4,6,5
321,31,27,229895,5,1,2,3,6,4
322,25,57,37556,1,5,3,0,4
323,2,61,800000,0,5,4
324,19,36,36054,3,6,5,2,4,0
325,73,57,23411,1,4,2,5,3,0
326,4,54,134170,6,5,2,0,3,4
327,57,36,37755,1,6,2,3,4,5
328,34,10,60742,4,3,0
329,34,36,45425,4,3,6,5,0
330,19,10,62750,1,2,3
331,1,27,800000,3,6,0
332,19,10,49046,5,1,3
333,2,9,800000,6,3,2,0,5,4
334,52,61,800000,1,0,4
335,1,61,800000,3,6,1,2,5
336,2,17,10628,1,2,3,5,6
337,4,27,800000,6,3,4,0,2,5
338,31,17,15553,3,6,2
339,4,65,109724,2,1,0
340,1,61,800000,3,6,1,2,5
341,2,17,10628,1,2,3,5,6
342,33,65,81135,5,0,3,2,6,1
343,57,17,19958,2,3,0
344,2,36,10870,6,4,1,3,2,5
345,25,10,60717,5,4,1,0,3
346,64,54,118295,0,2,5,1
347,2,36,12456,3,6,2,0,4
348,44,3,383145,5,6,3,2
349,10,17,16342,1,4,2
350,73,36,28906,3,2,4,5,0,1
351,31,10,42035,5,4,2,0,6
352,2,61,800000,5,1,2
353,2,36,11490,6,1,3,0
354,31,9,266264,5,4,6,3,2,0
355,25,36,36921,0,5,3
356,19,36,29376,5,4,3,0,2,1
357,52,61,800000,1,0,4
358,73,57,33291,4,0,5,1
359,4,54,134170,6,5,2,0,3,4
360,31,17,15852,5,0,6
361,1,61,800000,6,1,3,2,5,0
362,36,57,45106,1,2,0,5
363,5,3,800000,3,6,5
364,2,65,64791,3,5,4,2,1,0
365,19,17,12314,2,1,6,5,4
366,31,27,384835,6,3,2
367,31,54,45097,5,6,4,3,0,2
368,44,17,18328,4,5,6
369,19,36,32255,0,2,5
370,34,10,60742,4,3,0
371,1,54,52543,5,2,6,3,4
372,64,3,266481,5,0,1,4,2
373,44,10,11322,6,2,3,0,4,1
374,59,10,45310,3,1,6,5,2,0
375,13,65,100762,4,2,3,0
376,52,65,71989,2,4,1
377,17,36,23729,6,2,5
378,13,27,800000,4,2,1,6,3,0
379,52,9,800000,3,0,2,5
380,57,10,51551,1,6,5,4,0
381,64,65,119763,2,1,4
382,25,10,48988,5,6,3,0,1,4
383,57,10,51551,1,6,5,4,0
384,52,3,463992,1,3,0,4,5,6
385,4,3,484294,5,0,3,2,1,6
386,1,65,58706,5,6,2,0,1,4
387,44,10,13180,4,2,1
388,2,17,10628,1,2,3,5,6
389,2,65,64791,3,5,4,2,1,0
390,36,10,22784,5,6,0,3,1
391,59,36,42030,3,1,2,4,0,5
392,10,36,41231,0,3,6,5,1
393,13,27,800000,5,1,2,0
394,33,61,126872,6,0,3,1
395,13,27,800000,4,2,1,6,3,0
396,1,61,800000,3,6,1,2,5
397,44,61,195121,3,4,0
398,33,27,90832,6,5,1,4,0
399,1,9,800000,4,0,1,3,2
400,1,54,62696,2,4,5,0,6,1
401,5,54,110306,2,4,5,6
402,64,9,248384,0,6,4,3,5,2
403,64,65,119763,2,1,4
404,44,3,335631,0,4,5,2,6
405,34,36,36129,6,1,5
406,64,61,126210,5,4,1,3
407,13,3,404710,0,6,4,5
408,44,27,397285,3,1,6,5
409,44,9,347047,0,1,3
410,59,57,55729,5,2,6
411,1,36,11193,0,3,5,1,6,2
412,17,36,19002,2,0,5
413,5,9,800000,5,2,4
414,34,17,14050,3,5,4,6,2
415,25,17,17730,5,2,4,1
416,2,57,11510,1,3,5,0
417,1,61,800000,5,1,3,4,2
418,5,3,401147,1,5,2
419,36,57,45106,1,2,0,5
420,4,9,800000,3,5,2
421,31,17,15852,5,0,6
422,2,36,10948,1,5,4
423,44,57,12447,4,3,6,5,2,1
424,44,9,347047,0,1,3
425,2,27,711054,3,1,6,4,2,5
426,33,65,91768,1,2,4,5
427,4,9,800000,5,4,2,1,0
428,5,61,800000,3,4,6,0,2
429,5,3,401147,1,5,2
430,2,27,800000,2,1,6
431,31,3,391741,2,4,3,6,1
432,36,17,19848,4,1,3
433,13,61,800000,2,4,5,6
434,64,9,230902,6,4,3
435,25,57,43662,1,3,6
436,10,17,14749,1,4,3,5,2
437,44,65,53717,4,0,6,5
438,13,61,800000,2,4,5,6,0,3
439,25,10,43530,2,4,1
440,31,9,266264,5,4,6,3,2,0
441,2,17,12052,3,0,6,2,5
442,33,61,155429,6,5,1,4,3,0
443,19,17,12314,2,1,6,5,4
444,64,27,140733,2,3,1
445,33,65,81135,5,0,3,2,6,1
446,31,27,229895,5,1,2,3,6,4
447,13,27,800000,4,3,0
448,44,27,380991,0,5,4,6
449,1,65,58706,5,6,2,0,1,4
450,36,57,29390,4,1,2,0,6,3
451,31,17,16775,4,2,0
452,4,61,800000,4,1,5,2
453,31,61,367073,0,6,5,1,3
454,2,36,10870,6,4,1,3,2,5
455,13,54,83804,1,0,6,5,3
456,2,10,10950,4,1,2,0,3,5
457,4,9,800000,3,5,2
458,4,3,713358,1,0,2,4
459,73,17,11930,4,1,0,6,3,2
460,64,3,230985,3,5,2,6,0
461,57,17,18813,6,5,4,3,2
462,33,9,206100,1,4,3
463,52,54,76449,1,5,6
464,31,10,31217,1,0,4,3,5,6
465,31,54,45097,5,6,4,3,0,2
466,13,9,800000,0,4,3,6,1
467,64,9,179561,6,1,0,2,5
468,33,61,126872,6,0,3,1
469,13,27,800000,4,3,0
470,31,27,301563,0,1,4
471,2,27,800000,3,1,0
472,33,65,81135,5,0,3,2,6,1
473,33,9,206100,1,4,3
474,17,36,23729,6,2,5
475,59,57,56024,5,2,0,1
476,17,10,26619,0,5,4,6,2
477,33,61,126872,6,0,3,1
478,2,3,430078,5,3,2,0,1
479,1,10,10292,2,5,0,3,6,4
480,4,65,109724,2,1,0
481,2,36,10870,6,4,1,3,2,5
482,34,36,41427,5,2,0,6
483,36,57,41730,1,6,3,5,2,4
484,25,36,36975,3,4,6,5,1
485,73,10,25051,5,6,0,1
486,44,54,56881,0,1,5,6
487,10,17,16342,1,4,2
488,13,3,472545,5,0,2,4
489,34,57,43714,3,4,1,2
490,17,57,23189,6,1,0,2,3,5
491,10,36,41231,0,3,6,5,1
492,1,3,581787,2,3,4,5
493,4,61,800000,3,6,2,1,0
494,10,17,14901,1,2,5,3,6,0
495,1,27,800000,4,3,5,6,1,0
496,31,10,33475,5,1,0,2,3
497,10,36,33501,5,1,6,3,4
498,31,17,15852,5,0,6
499,64,54,180143,6,3,0,1,4
500,31,54,52189,2,6,1,4,0,5
501,2,61,800000,4,6,1,0,2
502,5,61,800000,6,5,2,0,1
503,31,27,229895,5,1,2,3,6,4
504,19,10,49817,0,5,4,3,6,2
505,2,54,60303,5,3,4,1,6
506,4,27,800000,5,0,1
507,17,57,23416,1,2,3
508,5,9,800000,5,2,4
509,33,61,187095,1,4,6
510,34,36,37761,1,5,0,4,3
511,64,61,144119,2,5,4
512,73,36,26765,4,2,0
513,73,17,18543,0,6,4,2
514,5,9,800000,3,5,6
515,4,27,800000,5,0,1
516,52,54,70319,5,0,1
517,1,61,800000,5,4,6,0
518,44,9,216081,0,3,4,1
519,52,61,800000,0,1,2,5,6,4
520,5,61,800000,6,5,2,0,1
521,31,10,33475,5,1,0,2,3
522,33,27,233215,3,4,2,1
523,59,36,32774,2,5,0,1
524,25,36,36921,0,5,3
525,10,36,37350,0,2,3,5
526,44,61,476557,2,4,3
527,5,54,110306,2,4,5,6
528,1,54,52543,5,2,6,3,4
529,33,54,133825,6,3,4,2
530,33,9,206100,1,4,3
531,31,65,75267,3,6,5,0,2,1
532,5,65,71569,3,5,4
533,44,10,14617,0,3,5,1
534,52,27,800000,6,3,1,5
535,34,10,46124,1,0,6,2,5
536,44,3,285784,1,0,2,6
537,33,65,100201,2,4,6,0,1
538,5,3,800000,5,3,6,1,0,4
539,19,10,49817,0,5,4,3,6,2
540,64,61,144296,1,4,2,3,0,5
541,73,36,23561,5,1,2,0
542,5,65,131802,6,3,1
543,5,27,800000,4,0,6
544,36,17,20678,4,3,0,6,1,5
545,2,36,11490,6,1,3,0
546,1,17,11058,0,2,5,4,6,3
547,57,36,35582,1,3,5,0
548,19,17,14092,2,4,1
549,5,9,800000,0,1,6,3
550,59,57,55729,5,2,6
551,31,17,19427,0,6,5,3,4,1
552,31,9,293293,0,2,6
553,13,27,266367,0,2,3,1
554,10,17,14901,1,2,5,3,6,0
555,52,54,70319,5,0,1
556,34,36,41427,5,2,0,6
557,19,10,49046,5,1,3
558,13,27,800000,4,3,0
559,34,36,37761,1,5,0,4,3
560,33,27,90832,6,5,1,4,0
561,52,54,76449,1,5,6
562,31,36,27218,3,1,5,0
563,4,9,800000,0,4,1,6,3,2
564,59,17,15196,3,4,6,5,1,0
565,33,54,121051,3,1,5,0
566,2,10,11463,1,4,5,3
567,57,36,43940,3,2,4,6,5
568,73,10,24432,4,3,0,6,2,5
569,1,61,800000,5,1,3,4,2
570,1,65,69354,2,6,4,5,0,1
571,4,3,475171,1,6,3,5,4,2
572,17,57,23416,1,2,3
573,2,3,430078,5,3,2,0,1
574,1,9,800000,3,4,5
575,44,61,432042,5,6,2
576,4,61,800000,3,6,2,1,0
577,73,36,28906,3,2,4,5,0,1
578,31,57,33105,1,2,4
579,19,17,16819,0,3,4
580,2,27,800000,2,1,6
581,31,9,252191,4,5,3,6
582,44,17,15041,6,5,2,1,4
583,34,36,41427,5,2,0,6
584,4,61,800000,6,3,0,4
585,25,10,60717,5,4,1,0,3
586,34,36,45425,4,3,6,5,0
587,1,17,11058,0,2,5,4,6,3
588,31,10,31217,1,0,4,3,5,6
589,59,36,35721,5,0,4,1
590,2,27,800000,2,1,6
591,52,54,46650,3,0,5,6,4,2
592,10,17,16342,1,4,2
593,2,10,10309,2,5,1,3,6,4
594,4,27,800000,2,5,3,4,6,0
595,44,17,13696,3,6,4,2
596,52,65,78438,1,6,5,2,0
597,73,36,26765,4,2,0
598,34,17,14554,4,5,2,0
599,64,3,266481,5,0,1,4,2
600,31,61,451052,3,6,5
601,33,3,274040,4,1,3,2,0
602,2,3,400477,5,2,0,6
603,19,10,62750,1,2,3
604,44,10,13180,4,2,1
605,33,3,260252,4,1,2,6,3
606,31,57,33407,2,1,0,5,4
607,36,17,19026,0,5,1,3,4,2
608,64,54,171084,2,3,5,1,6,4
609,13,65,100762,4,2,3,0
610,52,3,752770,1,3,4,5,0
611,73,17,11930,4,1,0,6,3,2
612,44,27,448651,1,2,5,6,4
613,73,17,11930,4,1,0,6,3,2
614,33,27,104770,3,5,2
615,19,57,40325,3,6,1,2,5
616,25,10,60717,5,4,1,0,3
617,17,36,20186,1,3,5,4,0,6
618,10,57,52096,4,3,6,1
619,13,3,404710,0,6,4,5
620,52,27,800000,0,2,6,5
621,2,61,800000,0,5,4
622,10,17,14749,1,4,3,5,2
623,31,36,26916,2,4,6,0,5,3
624,52,54,76449,1,5,6
625,52,54,46650,3,0,5,6,4,2
626,5,61,800000,6,5,2,0,1
627,4,65,92061,4,2,5,6,1
628,31,9,326888,1,6,4,3,2
629,64,27,81258,1,2,4,6
630,13,9,800000,1,0,5,2
631,25,36,36921,0,5,3
632,2,65,83657,1,6,3,4,0,2
633,4,27,800000,6,3,4,0,2,5
634,13,27,800000,4,2,1,6,3,0
635,52,27,800000,6,3,1,5
636,5,27,800000,3,0,6,2,5,4
637,1,27,800000,4,3,5,6,1,0
638,44,10,13180,4,2,1
639,44,36,10067,4,6,0
640,44,10,13180,4,2,1
641,64,27,137292,5,0,2,3,6
642,31,3,394218,1,3,6,0,2
643,59,36,35721,5,0,4,1
644,1,61,800000,5,1,3,4,2
645,52,3,752770,1,3,4,5,0
646,33,27,104770,3,5,2
647,25,10,60717,5,4,1,0,3
648,5,3,800000,3,6,5
649,5,3,800000,3,6,5
650,1,9,800000,3,4,1,0,6,2
651,2,10,10770,0,4,5,3
652,59,57,47317,2,5,0,4
653,36,57,41730,1,6,3,5,2,4
654,52,61,800000,0,1,2,5,6,4
655,10,36,33501,5,1,6,3,4
656,19,36,45415,5,6,4,3,1
657,19,17,16819,0,3,4
658,59,10,43565,4,6,1,2,3,0
659,36,57,45106,1,2,0,5
660,44,10,13180,4,2,1
661,17,36,23729,6,2,5
662,31,17,19427,0,6,5,3,4,1
663,44,9,216081,0,3,4,1
664,31,9,266264,5,4,6,3,2,0
665,52,54,93352,0,5,4,3,1
666,2,36,10948,1,5,4
667,4,3,800000,4,5,0,3,1,2
668,5,3,648030,2,6,3,1,0,5
669,2,57,10878,6,3,2,4,1,0
670,2,54,62259,4,5,1,0,6,3
671,64,65,134627,6,3,4,2,5,1
672,19,10,49817,0,5,4,3,6,2
673,59,36,42030,3,1,2,4,0,5
674,19,10,49046,5,1,3
675,13,9,800000,3,0,2
676,31,54,45097,5,6,4,3,0,2
677,73,57,23411,1,4,2,5,3,0
678,1,65,58706,5,6,2,0,1,4
679,5,54,110306,2,4,5,6
680,10,36,37350,0,2,3,5
681,44,36,12433,5,2,0,4,1
682,17,36,23729,6,2,5
683,73,36,28906,3,2,4,5,0,1
684,4,65,99733,6,0,1,3,2,5
685,44,10,12191,1,2,4,5,3,0
686,52,54,70319,5,0,1
687,2,36,11490,6,1,3,0
688,59,36,32774,2,5,0,1
689,73,57,30143,0,4,2,5,6,3
690,10,57,54330,2,6,1,4,0,5
691,36,57,41730,1,6,3,5,2,4
692,64,65,122904,3,0,5,4,2
693,19,17,16028,4,5,3,2,0
694,31,36,24289,4,5,2
695,44,57,13282,4,5,6
696,34,10,46124,1,0,6,2,5
697,19,57,40325,3,6,1,2,5
698,52,9,800000,3,1,2,6
699,64,9,181517,1,5,4
700,10,17,16342,1,4,2
701,10,17,16342,1,4,2
702,34,17,14554,4,5,2,0
703,4,3,800000,4,5,0,3,1,2
704,2,27,800000,2,1,6
705,44,57,12447,4,3,6,5,2,1
706,33,9,262248,0,5,1,6,4
707,1,9,800000,3,4,1,0,6,2
708,31,3,219829,0,5,4,6,3
709,13,9,800000,0,4,3,6,1
710,31,61,398763,2,1,3,5,6
711,5,3,800000,3,6,5
712,4,27,800000,2,5,3,4,6,0
713,5,61,800000,3,4,6,0,2
714,25,57,37556,1,5,3,0,4
715,1,54,62696,2,4,5,0,6,1
716,64,54,118295,0,2,5,1
717,34,36,45425,4,3,6,5,0
718,59,10,49329,0,5,6,1,4
719,52,27,800000,6,3,1,5
720,19,10,49817,0,5,4,3,6,2
721,13,65,70856,2,5,4,3,1,6
722,5,27,800000,4,6,1,0
723,1,17,10621,2,0,4,1,6,3
724,19,17,16028,4,5,3,2,0
725,10,17,16111,4,0,5,6,3,2
726,31,3,339862,5,1,3,0
727,34,17,14554,4,5,2,0
728,10,17,14749,1,4,3,5,2
729,4,65,128758,1,2,4,6,3,5
730,34,57,43714,3,4,1,2
731,33,3,308565,6,4,1,0,5,3
732,44,27,165419,1,5,3,0,4
733,59,36,41469,2,5,3,4
734,2,27,800000,1,2,0,6,4,5
735,64,9,248384,0,6,4,3,5,2
736,52,3,463992,1,3,0,4,5,6
737,31,57,33407,2,1,0,5,4
738,31,57,34494,0,1,6
739,64,65,122904,3,0,5,4,2
740,52,65,66122,4,6,1,2
741,44,36,10744,4,5,3,0,2,6
742,2,65,64575,3,2,6,0,4,5
743,33,27,156586,0,3,2,4,1
744,5,65,131802,6,3,1
745,64,61,144119,2,5,4
746,25,36,38787,1,0,2,6,3
747,52,9,800000,3,1,2,6
748,52,65,66122,4,6,1,2
749,5,54,105648,0,1,3
750,2,57,10878,6,3,2,4,1,0
751,19,10,49817,0,5,4,3,6,2
752,19,36,45415,5,6,4,3,1
753,10,57,52096,4,3,6,1
754,13,54,84443,6,2,4,1
755,34,17,14050,3,5,4,6,2
756,44,57,12940,1,0,2,4,5
757,10,36,41231,0,3,6,5,1
758,31,57,34494,0,1,6
759,31,65,75267,3,6,5,0,2,1
760,17,36,20562,2,5,0,3
761,4,3,800000,4,5,0,3,1,2
762,4,54,105502,3,1,5,2,4
763,31,36,27218,3,1,5,0
764,44,9,216081,0,3,4,1
765,31,9,266264,5,4,6,3,2,0
766,59,36,35721,5,0,4,1
767,52,9,800000,1,0,2,3,5,6
768,10,36,37350,0,2,3,5
769,31,61,451052,3,6,5
770,25,36,38787,1,0,2,6,3
771,44,27,448651,1,2,5,6,4
772,59,17,19526,6,4,3,2,0
773,13,9,800000,2,6,0,3,5,1
774,31,61,451052,3,6,5
775,13,65,70856,2,5,4,3,1,6
776,17,36,20562,2,5,0,3
777,1,54,52033,2,3,4
778,44,54,51722,1,0,5,3,2,6
779,17,10,26619,0,5,4,6,2
780,2,61,800000,0,5,4
781,31,36,27218,3,1,5,0
782,31,17,15553,3,6,2
783,13,61,800000,5,2,3
784,2,65,83657,1,6,3,4,0,2
785,44,10,14617,0,3,5,1
786,19,10,49817,0,5,4,3,6,2
787,25,10,43530,2,4,1
788,19,57,50201,4,0,2
789,64,9,181517,1,5,4
790,2,3,430078,5,3,2,0,1
791,33,65,83859,2,4,0,3
792,59,57,56024,5,2,0,1
793,13,27,800000,4,3,0
794,19,17,14092,2,4,1
795,44,61,476557,2,4,3
796,13,54,85987,3,5,0,2,6
797,64,61,128630,6,3,0,1,2
798,36,17,20678,4,3,0,6,1,5
799,31,65,51881,1,0,3,6,4,5
800,44,17,15041,6,5,2,1,4
801,57,17,19958,2,3,0
802,59,36,41469,2,5,3,4
803,2,3,400477,5,2,0,6
804,44,3,247949,3,6,2,5,0
805,36,57,45106,1,2,0,5
806,33,3,260252,4,1,2,6,3
807,5,3,648030,2,6,3,1,0,5
808,19,10,62750,1,2,3
809,34,10,58437,1,0,6
810,73,17,11930,4,1,0,6,3,2
811,36,10,22784,5,6,0,3,1
812,13,65,89234,2,5,1
813,5,9,800000,2,0,5
814,1,27,749227,2,5,3,4,1
815,64,61,128630,6,3,0,1,2
816,13,65,89234,2,5,1
817,1,10,10043,5,2,4,1
818,33,61,187095,1,4,6
819,57,17,17044,2,5,6
820,4,65,109724,2,1,0
821,52,65,71989,2,4,1
822,44,61,195121,3,4,0
823,2,57,10878,6,3,2,4,1,0
824,1,9,800000,0,6,2,5,3,4
825,36,10,36975,0,3,5,2,6
826,2,54,58622,0,1,3,2,5
827,2,65,64791,3,5,4,2,1,0
828,31,36,27218,3,1,5,0
829,2,65,83657,1,6,3,4,0,2
830,25,17,18009,2,4,1,5
831,4,3,800000,4,5,0,3,1,2
832,1,9,800000,3,4,1,0,6,2
833,5,9,800000,5,2,4
834,13,3,472545,5,0,2,4
835,44,10,12191,1,2,4,5,3,0
836,33,9,262248,0,5,1,6,4
837,5,27,800000,2,1,0,6
838,73,17,11625,2,6,5,0
839,57,10,51551,1,6,5,4,0
840,57,36,37755,1,6,2,3,4,5
841,13,27,266367,0,2,3,1
842,31,9,266264,5,4,6,3,2,0
843,44,54,51722,1,0,5,3,2,6
844,2,10,11463,1,4,5,3
845,1,9,800000,3,4,5
846,31,17,15553,3,6,2
847,2,65,64791,3,5,4,2,1,0
848,2,36,10870,6,4,1,3,2,5
849,13,65,89234,2,5,1
850,52,61,800000,1,5,0
851,52,27,800000,6,5,3,0,4
852,44,54,59704,5,0,1,6,3
853,1,3,619931,0,5,4,1,2,6
854,31,9,266264,5,4,6,3,2,0
855,52,3,752770,1,3,4,5,0
856,19,17,14092,2,4,1
857,19,57,59111,3,5,0
858,10,17,16111,4,0,5,6,3,2
859,44,57,12940,1,0,2,4,5
860,13,27,800000,5,1,2,0
861,25,10,43530,2,4,1
862,59,57,47317,2,5,0,4
863,64,9,230902,6,4,3
864,33,61,187095,1,4,6
865,59,36,32774,2,5,0,1
866,31,3,391741,2,4,3,6,1
867,17,10,26619,0,5,4,6,2
868,33,65,100201,2,4,6,0,1
869,2,61,800000,4,6,1,0,2
870,2,54,60303,5,3,4,1,6
871,52,54,93352,0,5,4,3,1
872,5,3,800000,5,3,6,1,0,4
873,34,10,58437,1,0,6
874,31,36,27218,3,1,5,0
875,64,9,248384,0,6,4,3,5,2
876,25,17,21362,2,6,4,5,1,3
877,2,57,10130,5,4,2,1,3,6
878,44,54,51722,1,0,5,3,2,6
879,64,65,182426,5,1,0,3,2
880,34,36,45425,4,3,6,5,0
881,10,17,16111,4,0,5,6,3,2
882,57,36,33427,2,0,4
883,36,10,38427,3,1,0,5,6
884,19,10,49817,0,5,4,3,6,2
885,44,36,12433,5,2,0,4,1
886,5,27,800000,2,1,0,6
887,59,17,19526,6,4,3,2,0
888,1,61,800000,6,1,3,2,5,0
889,4,54,134170,6,5,2,0,3,4
890,57,36,35582,1,3,5,0
891,52,27,800000,0,2,6,5
892,57,36,33427,2,0,4
893,64,61,144119,2,5,4
894,59,57,39666,1,5,3,0,4
895,44,36,12433,5,2,0,4,1
896,44,27,397285,3,1,6,5
897,64,3,331671,1,0,4,6,3
898,1,27,749227,2,5,3,4,1
899,73,36,28700,6,1,3,2,4
900,44,61,618755,0,4,2,5,3,1
901,64,27,81258,1,2,4,6
902,64,27,81258,1,2,4,6
903,31,61,427121,3,2,1,4
904,59,17,18780,2,0,1
905,2,57,10130,5,4,2,1,3,6
906,1,10,10292,2,5,0,3,6,4
907,31,54,52189,2,6,1,4,0,5
908,31,9,293293,0,2,6
909,2,54,61327,2,3,1,5
910,25,17,18009,2,4,1,5
911,64,65,119763,2,1,4
912,1,9,800000,0,6,2,5,3,4
913,57,36,35582,1,3,5,0
914,1,54,52033,2,3,4
915,34,57,43714,3,4,1,2
916,17,36,23729,6,2,5
917,19,10,49817,0,5,4,3,6,2
918,52,65,66122,4,6,1,2
919,25,10,60717,5,4,1,0,3
920,13,61,800000,2,4,5,6,0,3
921,44,10,14617,0,3,5,1
922,2,65,64791,3,5,4,2,1,0
923,64,3,170447,1,4,5,6,3
924,31,9,266264,5,4,6,3,2,0
925,10,57,43094,4,0,6,1,2,3
926,1,54,52543,5,2,6,3,4
927,2,36,10948,1,5,4
928,31,61,427121,3,2,1,4
929,2,54,61327,2,3,1,5
930,34,57,38996,3,6,4,5,0
931,4,9,800000,3,5,2
932,2,65,74253,3,1,6,2,4
933,5,9,800000,5,2,4
934,17,57,29503,4,5,2,0,3,1
935,44,9,313716,4,5,1,2
936,25,17,18278,3,6,5,1,2
937,64,54,158377,0,1,6,4
938,1,3,581787,2,3,4,5
939,13,61,800000,5,2,3
940,31,9,326888,1,6,4,3,2
941,5,3,800000,3,6,5
942,31,9,252191,4,5,3,6
943,31,61,367073,0,6,5,1,3
944,1,61,800000,5,1,3,4,2
945,52,54,76449,1,5,6
946,2,61,800000,5,1,2
947,36,17,20678,4,3,0,6,1,5
948,57,10,36616,3,6,5
949,36,17,19658,2,3,0,6,4
950,57,36,33427,2,0,4
951,52,9,800000,1,0,2,3,5,6
952,73,57,24435,2,6,5,0
953,44,3,383145,5,6,3,2
954,5,3,401147,1,5,2
955,73,17,11625,2,6,5,0
956,64,27,137292,5,0,2,3,6
957,5,3,648030,2,6,3,1,0,5
958,4,61,800000,0,3,2,1,5
959,2,65,83657,1,6,3,4,0,2
960,25,10,43530,2,4,1
961,64,9,230902,6,4,3
962,19,57,46237,2,6,5,4,0
