0,44,36,142913,4,3,2
1,0,47,339963,2,0,5
2,0,50,380887,1,0,2
3,2,37,10705,3,4,2
4,41,50,800000,6,0,2
5,44,39,48065,1,3,2,0
6,37,10,64895,6,0,1,2,3
7,12,47,337316,4,2,0,1
8,14,77,128910,2,4,6,3
9,36,37,18213,0,6,4,1
10,22,25,69347,4,6,1
11,2,36,199403,1,2,6,5,4,3
12,2,15,10551,6,3,1,2,0
13,37,15,69624,0,4,5,2
14,42,47,786328,3,2,1,0
15,42,47,786328,3,2,1,0
16,17,73,27801,6,5,3,2,0,1
17,14,47,800000,6,0,2,3
18,42,77,128695,1,0,6
19,5,77,166422,1,0,6,4
20,2,25,12391,1,5,3,0,4
21,63,61,800000,0,2,6,4
22,31,25,15007,0,4,2,3,5,1
23,6,47,800000,2,0,4,5
24,12,66,289266,1,5,0
25,2,61,800000,1,3,5,0
26,73,30,62980,1,4,5,6
27,47,30,800000,0,2,1,6
28,12,66,238266,5,3,4
29,0,77,99325,1,5,4,2,6
30,5,50,800000,1,6,2
31,42,37,23389,2,6,0
32,41,30,417693,5,6,1,0,2,3
33,42,47,725992,3,0,4,1
34,14,50,800000,4,0,1
35,42,15,26665,4,1,2,6,5
36,63,47,800000,6,1,3
37,36,30,262724,1,3,6
38,47,15,12276,0,6,5,2,1,3
39,42,10,31702,2,0,1,5
40,47,37,14355,2,6,5,3
41,2,61,800000,3,4,1,2,6
42,2,10,11230,4,3,6,2,1,0
43,73,39,37890,0,6,2,4,1,5
44,5,61,800000,5,6,0,3,1,2
45,44,30,800000,3,1,0,2
46,12,47,318672,3,4,0,2,1,5
47,64,25,100378,1,0,2,4
48,2,10,11259,4,2,6
49,64,73,68780,2,4,5,3
50,2,77,229981,0,3,5
51,63,50,800000,2,6,0,4,1
52,42,61,800000,2,5,3,4,0,6
53,22,30,84886,5,3,1,4,6
54,5,77,143537,1,2,5,4
55,41,77,113131,6,1,4
56,44,36,142913,4,3,2
57,42,10,26763,5,1,2,6,3
58,44,30,800000,5,3,2,4,1,0
59,31,50,800000,2,6,1
60,73,39,37966,6,5,1,4,0,3
61,0,30,515451,4,6,0
62,64,15,101721,6,4,0,3,1
63,41,77,125896,3,1,5
64,5,66,800000,6,1,5
65,63,77,123788,6,5,4,3,2
66,6,77,152746,4,6,2,0
67,47,15,12655,0,6,1,4
68,0,50,466296,0,3,4,5
69,14,50,800000,4,0,2,1,6
70,42,47,725992,3,0,4,1
71,17,61,32350,5,1,3,6
72,17,39,32304,2,4,1,5,0
73,47,77,201726,1,5,6,4,2,0
74,37,25,63717,0,2,3,5,4,6
75,42,39,23459,5,3,6,0,4,2
76,2,37,10968,6,3,1,0
77,42,15,27083,2,3,1
78,64,77,20162,4,5,0,2,6,3
79,17,47,12611,4,0,5,6,2,1
80,41,36,125975,0,5,2,4,1,3
81,73,47,12305,3,4,5
82,0,47,339963,2,0,5
83,63,30,555617,3,5,2,4,1
84,2,61,800000,0,5,2,1,6
85,64,15,111813,2,5,0,4,3
86,2,39,12214,3,1,2,4,6,0
87,42,37,25087,2,4,1
88,42,50,416721,1,2,3
89,37,73,43720,0,2,4,1,5
90,31,10,17261,3,6,1,5,2,4
91,0,47,472836,5,2,1,0
92,41,77,108942,0,3,6,1,5
93,22,39,45578,2,3,1,0
94,31,25,15007,0,4,2,3,5,1
95,42,37,26345,6,5,2,4,3,1
96,37,15,69624,0,4,5,2
97,2,77,189466,1,6,4,5,2
98,41,77,108942,0,3,6,1,5
99,0,47,472836,5,2,1,0
100,73,30,60412,3,6,4,2
101,31,47,800000,4,6,3,0
102,64,47,11867,2,3,5,4,6
103,12,61,293361,0,3,2,4
104,36,61,327640,3,5,4
105,17,30,34957,1,2,4,0,5
106,44,77,125892,3,5,4,6,2
107,36,61,321280,1,4,6
108,2,61,800000,0,5,2,1,6
109,22,39,45578,2,3,1,0
110,36,10,18682,2,5,1,6,0
111,31,39,16600,0,2,5
112,63,50,800000,6,1,2,5,0
113,6,61,800000,4,2,3,5
114,31,37,15666,2,3,5,1,4,0
115,31,25,15814,0,5,6,3
116,63,77,123788,6,5,4,3,2
117,12,47,363645,1,2,6,5,0
118,6,77,179604,0,5,1,2,4,3
119,42,36,96771,0,4,6,1,3,5
120,12,47,363645,1,2,6,5,0
121,63,50,800000,6,1,2,5,0
122,44,77,105052,4,1,0,2,3,6
123,64,61,40460,3,0,4,1
124,73,47,12305,3,4,5
125,22,73,54499,5,1,6,4,2,3
126,73,36,15050,4,0,2,6,5
127,73,10,53751,3,2,0,6,4,5
128,37,73,47366,6,5,2
129,31,77,236120,3,0,2
130,47,36,218186,1,2,0,5,6
131,63,77,123788,6,5,4,3,2
132,64,37,69748,0,1,6
133,5,77,143537,1,2,5,4
134,47,50,800000,6,2,1
135,22,39,41863,0,2,4,1
136,73,37,52051,3,4,0,5,6,1
137,47,77,200679,6,0,5,4
138,73,39,37966,6,5,1,4,0,3
139,22,36,22766,0,3,5,1
140,22,15,81468,1,3,0,4,6,5
141,17,36,22330,6,1,5,0,4,2
142,0,77,99325,1,5,4,2,6
143,31,73,15620,0,4,6,2
144,36,10,20014,1,5,0,2,4,6
145,5,61,800000,4,6,1,2
146,0,77,115617,5,0,6
147,36,50,250222,6,5,3,1
148,17,25,32798,0,2,3,6,4,1
149,31,77,242834,2,3,6,5
150,36,37,21058,3,1,5,6
151,0,61,419961,3,6,0
152,5,36,157434,1,6,2
153,2,39,12214,3,1,2,4,6,0
154,0,30,467894,0,6,1,2,5
155,5,77,142844,3,0,4,1,2
156,17,47,11605,5,4,6
157,47,66,800000,2,1,4
158,0,30,292608,4,3,6,5
159,64,10,103520,3,5,6,2,0,1
160,64,73,58907,2,0,3
161,44,50,448932,4,0,2,5
162,73,25,63163,3,4,6,1,2
163,47,36,172172,6,4,1,2,5,3
164,36,15,18313,1,4,5,2,6
165,22,77,21275,6,3,2,0,4
166,47,10,12844,0,6,1,2,3
167,44,30,800000,3,1,0,2
168,0,47,396719,2,4,1,5,0
169,12,50,316592,5,2,3,1,6
170,64,30,105344,0,4,2,6,5,3
171,42,30,800000,1,6,4,5,0
172,14,66,800000,2,0,6
173,17,61,32350,5,1,3,6
174,64,15,109086,1,0,4,2
175,22,73,65194,6,1,4,2
176,63,36,155914,0,3,4,1,2,5
177,64,47,11775,2,0,5,4
178,64,25,124930,2,5,3
179,31,77,242834,2,3,6,5
180,44,15,75861,1,0,5
181,14,47,800000,2,6,1,5,3,4
182,36,30,230780,4,3,2,0,5
183,2,30,800000,4,2,1,6
184,73,30,60412,3,6,4,2
185,2,15,10779,4,0,2,1,3,5
186,17,77,24438,2,0,1,5,6,4
187,37,39,45382,2,0,5,3,4
188,47,36,169509,4,5,0,6,3
189,6,47,800000,5,0,4
190,42,66,474750,5,0,2,4
191,37,61,34228,4,0,1,5,6
192,63,66,800000,5,2,1,0,4
193,47,73,11992,5,2,1,0,4,6
194,14,61,800000,2,1,5,4,3,0
195,47,10,13452,0,1,2
196,22,61,33278,0,2,6,4
197,64,36,18250,1,6,0,4,5,3
198,14,61,800000,6,1,0,2
199,42,30,800000,5,6,3
200,22,37,60419,0,2,5,4,6,3
201,47,25,14122,1,4,3,6,5,2
202,44,36,129719,1,6,4,5
203,6,77,152746,4,6,2,0
204,37,30,66110,1,0,6,4
205,42,10,27548,4,6,5,2
206,47,61,800000,1,5,6,4,3,0
207,22,15,81468,1,3,0,4,6,5
208,73,25,47155,1,2,4,6
209,31,73,17123,3,5,4,6
210,17,61,32837,5,1,4
211,2,39,11757,0,3,5
212,37,47,11310,5,6,0,4
213,36,50,250222,6,5,3,1
214,12,77,165426,3,4,0,5,1,6
215,12,50,250488,1,6,4
216,22,61,36777,3,1,4,6,0,5
217,31,30,800000,5,4,1,0,6,3
218,64,10,99246,0,1,3,6,2,5
219,36,10,20014,1,5,0,2,4,6
220,73,15,50111,2,4,1,6
221,44,36,129719,1,6,4,5
222,17,37,33768,2,6,3,0
223,64,10,99246,0,1,3,6,2,5
224,42,25,28435,5,3,6,2,1
225,47,30,800000,3,4,6,1,5,2
226,37,39,41153,4,0,3
227,2,37,10705,3,4,2
228,63,77,123788,6,5,4,3,2
229,63,61,800000,6,0,1
230,36,37,21058,3,1,5,6
231,42,66,609283,6,3,0,4,2
232,47,37,14355,2,6,5,3
233,5,36,119105,6,2,4,1,3
234,42,10,26763,5,1,2,6,3
235,14,47,800000,2,6,1,5,3,4
236,41,66,800000,2,0,3,6,1
237,22,10,74560,5,1,4,6,2,3
238,64,36,15787,1,3,5,0,2
239,0,61,474189,6,0,3,4,1
240,17,25,32089,1,6,3
241,2,37,10218,3,1,5,0
242,22,15,81468,1,3,0,4,6,5
243,42,10,31702,2,0,1,5
244,31,61,800000,3,6,0,2
245,73,47,12305,3,4,5
246,42,66,518343,5,6,0
247,64,30,101730,5,1,2,0,6,4
248,37,61,33643,6,4,0,1,5
249,37,47,11029,3,0,1,2
250,17,25,30025,2,3,4,0
251,17,10,28561,1,3,4,2
252,14,30,505463,4,1,3,2,0
253,41,66,800000,6,1,2,0
254,64,39,43606,5,4,6,3,1,2
255,47,10,14281,0,4,1,6
256,41,50,800000,4,5,3,2,6
257,36,10,22756,0,6,4,2,3,1
258,44,15,93963,3,4,1
259,14,77,128910,2,4,6,3
260,2,36,154258,6,4,2,5,1,3
261,12,61,293361,0,3,2,4
262,36,66,342844,6,4,2,1,5
263,31,77,242834,2,3,6,5
264,36,66,251943,5,4,0,6,1
265,2,36,207550,4,1,5,6,2
266,37,77,25143,6,3,0,4,2,1
267,0,77,100494,4,0,5,2
268,14,50,800000,4,5,3,2,1
269,42,73,25340,5,3,4,2
270,31,47,800000,4,6,3,0
271,6,61,800000,0,2,5
272,17,37,31791,0,1,2,6,3
273,2,73,10147,4,6,0,5
274,17,77,24038,3,2,6,0,4
275,41,30,434820,0,5,4,1
276,42,47,685306,0,2,4,3
277,37,25,60350,5,3,1,0
278,44,36,129719,1,6,4,5
279,63,77,171211,1,5,2,4,6,0
280,2,15,10779,4,0,2,1,3,5
281,0,47,339963,2,0,5
282,44,50,448932,4,0,2,5
283,47,15,11905,2,6,4,1,0
284,64,47,11775,2,0,5,4
285,44,10,89962,3,2,6,5
286,37,30,56380,1,4,3,5
287,17,39,35430,6,3,0,5,1,4
288,17,47,12611,4,0,5,6,2,1
289,5,77,142844,3,0,4,1,2
290,31,25,15007,0,4,2,3,5,1
291,17,30,33900,5,0,3
292,41,30,434820,0,5,4,1
293,31,39,17589,0,1,4,2
294,36,61,341730,5,4,2,0
295,31,66,800000,6,1,5,3
296,63,30,596768,1,4,2,5,3,6
297,2,39,11757,0,3,5
298,44,50,350240,6,2,3
299,36,66,342844,6,4,2,1,5
300,37,39,45382,2,0,5,3,4
301,36,37,19594,0,5,4,3
302,44,37,81950,4,1,3,5,6
303,73,36,18516,2,3,1,5,0,6
304,37,77,23807,1,4,6,3,2
305,12,77,153701,6,4,2
306,44,77,105052,4,1,0,2,3,6
307,17,39,32304,2,4,1,5,0
308,42,61,800000,0,4,5
309,5,61,800000,2,3,1
310,31,77,207984,3,0,5
311,41,77,134641,4,0,5,6
312,63,50,800000,2,6,0,4,1
313,12,30,188585,4,1,6,0
314,17,77,24038,3,2,6,0,4
315,64,36,18250,1,6,0,4,5,3
316,5,77,166422,1,0,6,4
317,12,61,327048,1,0,6,5,2,3
318,0,66,420282,6,1,0,3
319,17,30,33900,5,0,3
320,36,30,230780,4,3,2,0,5
321,64,25,115583,5,6,4,1,0,2
322,44,73,55010,4,0,1,5
323,2,77,200768,2,1,4
324,63,77,164051,6,5,3
325,36,39,19594,6,5,2,4,1
326,47,39,13914,5,6,0,1
327,44,10,102826,4,2,5,3,6
328,14,36,134335,1,2,4,0,5
329,47,73,11849,1,3,5,0,2
330,73,10,44398,1,4,6,2
331,64,73,58027,2,0,4,6
332,0,47,472836,5,2,1,0
333,73,77,22969,0,5,6
334,2,37,11242,5,4,2
335,6,66,800000,4,1,6,2,0
336,14,66,800000,2,0,5
337,14,30,334764,4,1,5,6,3
338,2,10,11235,2,6,0,5
339,63,50,800000,5,3,6,1,4
340,44,47,771525,1,4,0
341,73,30,60595,4,1,0,6
342,47,66,800000,2,1,4
343,6,47,800000,2,0,4,5
344,22,25,82332,6,4,2
345,6,50,800000,5,2,1,4,0
346,31,50,800000,1,6,2,0,3,4
347,73,15,46879,0,2,6
348,22,25,73779,1,0,5,4,2
349,73,61,33732,0,5,3
350,64,36,16270,3,5,2
351,47,77,201726,1,5,6,4,2,0
352,31,77,207984,3,0,5
353,44,30,800000,2,3,6,4,5
354,47,66,800000,5,3,1
355,12,61,221044,3,1,0,6,5
356,36,66,323026,4,2,3,0
357,22,61,33278,0,2,6,4
358,2,77,200768,2,1,4
359,36,66,342844,6,4,2,1,5
360,44,61,800000,2,1,5,6,3
361,5,30,405805,2,3,4
362,31,47,800000,4,6,3,0
363,17,36,22030,4,0,5,2
364,37,36,18817,1,6,3,4,5
365,5,30,405805,2,3,4
366,6,47,800000,2,0,4,5
367,41,61,800000,4,5,1,0,3
368,36,47,354719,4,1,6,2,3,5
369,17,47,12611,4,0,5,6,2,1
370,37,47,12115,6,1,5,0,2,3
371,37,10,67364,0,2,5,4,6
372,5,77,143537,1,2,5,4
373,22,47,13228,1,6,3,0,4
374,6,36,110610,5,2,3
375,17,39,35430,6,3,0,5,1,4
376,17,15,28871,1,0,4,2,6
377,64,77,24221,1,5,0,4,6,3
378,31,37,14175,6,0,1,2,5
379,47,73,13681,6,5,3,0,1,2
380,41,47,800000,4,0,2,6
381,47,37,13417,1,2,4,5
382,22,73,58494,6,2,4,3,1
383,6,30,578147,3,2,5,4,0
384,41,30,434820,0,5,4,1
385,64,39,44018,6,3,4,1,0,2
386,31,61,800000,3,6,0,2
387,0,66,420282,6,1,0,3
388,36,15,18455,5,6,4,0,3
389,12,30,188585,4,1,6,0
390,44,73,57830,5,0,4,3,1,6
391,63,66,800000,3,6,0,2
392,63,36,145434,0,3,1
393,37,39,41153,4,0,3
394,14,50,800000,4,0,2,1,6
395,47,10,12844,0,6,1,2,3
396,42,36,107592,0,5,6
397,41,66,800000,6,1,2,0
398,22,39,45903,5,2,3,4
399,44,36,129719,1,6,4,5
400,44,36,124561,6,5,2
401,44,36,124561,6,5,2
402,14,77,128910,2,4,6,3
403,22,47,13228,1,6,3,0,4
404,36,77,210735,1,4,0
405,41,66,800000,6,0,4,1
406,0,66,460691,1,4,5,3,2,6
407,47,36,198832,3,2,1,6
408,2,10,11259,4,2,6
409,42,73,26334,3,5,0
410,64,61,37634,5,3,0,6,4
411,5,30,612778,0,5,3
412,0,61,473732,3,2,1,6,5
413,63,47,800000,5,2,1
414,47,25,12778,2,6,1,5
415,36,61,321280,1,4,6
416,41,30,434820,0,5,4,1
417,73,39,42487,1,2,5,3,4,6
418,6,47,800000,2,0,4,5
419,41,36,149617,1,5,2,3,4,6
420,73,25,63758,1,4,6,2
421,47,30,800000,0,2,1,6
422,41,77,134641,4,0,5,6
423,36,73,17585,4,0,2,3,1,5
424,12,30,243568,0,4,1,5,2,6
425,17,39,32304,2,4,1,5,0
426,22,77,21275,6,3,2,0,4
427,64,77,23709,1,2,5,4,3,0
428,14,61,800000,3,4,1,2,5,0
429,6,36,138165,1,6,3,0
430,64,30,105276,0,2,4,5,6
431,22,39,41863,0,2,4,1
432,42,77,128695,1,0,6
433,44,36,129719,1,6,4,5
434,37,73,52394,3,4,1,2,6,5
435,5,47,800000,1,0,5,6,2
436,22,39,43270,4,6,3,0,5,1
437,37,61,34228,4,0,1,5,6
438,6,66,800000,6,5,3,1,0
439,36,39,19594,6,5,2,4,1
440,44,47,540115,5,0,3,2,1
441,2,36,154258,6,4,2,5,1,3
442,47,73,13681,6,5,3,0,1,2
443,37,39,41750,6,3,0,4,2,1
444,0,61,419961,3,6,0
445,22,77,21555,0,1,5,4,6
446,42,73,26334,3,5,0
447,47,15,12916,5,1,6,4,3,2
448,36,77,186107,0,2,1,3
449,73,25,52592,5,0,3,6
450,17,15,29586,0,5,1,6
451,31,36,204731,5,6,2
452,17,10,28560,0,3,5,2,6,4
453,14,36,117014,0,1,4,6
454,5,47,800000,1,3,2,5,0,4
455,22,47,13228,1,6,3,0,4
456,73,39,42487,1,2,5,3,4,6
457,12,66,251310,6,1,0
458,5,66,800000,6,1,5
459,37,36,18817,1,6,3,4,5
460,14,61,800000,6,1,0,2
461,31,61,800000,3,6,0,2
462,63,36,158580,6,1,0
463,41,30,417693,5,6,1,0,2,3
464,42,66,609283,6,3,0,4,2
465,36,39,20167,6,5,4,3
466,42,25,24151,6,1,2,0,3
467,41,61,800000,6,0,2,5,1,3
468,36,61,351499,0,3,2,6,1,4
469,64,77,23238,2,0,4
470,31,47,800000,2,4,6,3
471,64,10,99246,0,1,3,6,2,5
472,36,30,262724,1,3,6
473,37,25,61843,5,2,1,6
474,73,61,33732,0,5,3
475,17,30,42246,1,5,2,0
476,12,47,358196,2,6,0,5
477,2,37,10705,3,4,2
478,64,30,101730,5,1,2,0,6,4
479,22,30,73106,0,6,4,5,3,2
480,36,77,186107,0,2,1,3
481,41,50,800000,6,0,2
482,64,10,96867,3,4,6,5,2,1
483,37,73,43148,6,3,5,0,4,1
484,44,77,105052,4,1,0,2,3,6
485,44,37,81950,4,1,3,5,6
486,12,47,363645,1,2,6,5,0
487,6,47,800000,1,5,2,4
488,31,36,176413,0,6,3,1
489,37,61,36976,4,2,3,0,6
490,12,47,363645,1,2,6,5,0
491,36,30,243295,2,3,1
492,42,50,548683,3,4,2,1
493,44,15,98557,4,6,3,0
494,0,36,115446,5,2,3
495,12,61,221044,3,1,0,6,5
496,31,15,16438,6,2,1,4,0,5
497,31,15,16340,1,2,6,3
498,63,36,155914,0,3,4,1,2,5
499,73,15,50111,2,4,1,6
500,6,77,152746,4,6,2,0
501,44,30,800000,5,3,2,4,1,0
502,36,39,19594,6,5,2,4,1
503,47,61,800000,1,5,6,4,3,0
504,17,36,22030,4,0,5,2
505,37,47,11895,2,6,0,3,4
506,36,50,342200,5,6,2,3,1
507,22,10,84701,4,0,6,3,1,2
508,2,66,800000,1,0,3,4,6,5
509,17,73,27186,3,0,6
510,41,66,800000,2,0,3,6,1
511,22,61,36304,6,5,4,3
512,64,37,58120,5,4,2,6,1,0
513,64,15,109086,1,0,4,2
514,0,30,292608,4,3,6,5
515,14,36,108880,6,1,4
516,42,66,609283,6,3,0,4,2
517,37,36,17514,4,3,6,1,0,2
518,37,30,56380,1,4,3,5
519,5,36,157434,1,6,2
520,42,50,378020,0,4,2,1
521,37,73,47366,6,5,2
522,6,61,800000,0,2,5
523,17,15,27926,2,0,6
524,22,10,86168,2,4,1
525,2,66,800000,5,2,6,1
526,2,25,12391,1,5,3,0,4
527,42,77,117599,0,1,2,4,6,3
528,37,47,11029,3,0,1,2
529,14,61,800000,6,2,5
530,17,30,34957,1,2,4,0,5
531,31,47,800000,2,4,6,3
532,6,36,135967,6,4,3
533,73,15,50111,2,4,1,6
534,31,30,800000,5,4,1,0,6,3
535,31,25,16558,2,6,3,1
536,44,25,76286,1,6,4,2
537,44,36,124561,6,5,2
538,2,36,165888,0,3,5,4,6,1
539,17,47,11605,5,4,6
540,22,30,84886,5,3,1,4,6
541,44,30,800000,2,3,6,4,5
542,36,50,292906,3,4,0
543,6,36,110610,5,2,3
544,17,39,35458,2,1,3
545,42,10,27548,4,6,5,2
546,42,50,416721,1,2,3
547,14,36,134335,1,2,4,0,5
548,63,66,800000,5,2,1,0,4
549,12,66,251310,6,1,0
550,44,47,800000,5,3,0,6
551,47,36,218186,1,2,0,5,6
552,41,66,800000,6,0,4,1
553,2,37,11242,5,4,2
554,17,61,32837,5,1,4
555,64,47,12807,3,0,5
556,36,73,17585,4,0,2,3,1,5
557,42,66,474750,5,0,2,4
558,44,50,350240,6,2,3
559,22,47,10955,5,0,4,1
560,2,47,800000,1,2,4,0,5,6
561,73,61,35070,5,4,1,6,3,0
562,64,10,103520,3,5,6,2,0,1
563,2,25,12391,1,5,3,0,4
564,31,10,17157,3,1,0,6,2
565,5,77,142844,3,0,4,1,2
566,22,47,13429,4,0,6,5,2
567,42,25,27719,1,6,2
568,64,30,87849,6,3,0,1,5,4
569,2,10,10501,4,1,0,3,6,5
570,44,30,800000,4,1,0,6
571,22,77,21275,6,3,2,0,4
572,14,30,290887,6,5,0,1,2
573,36,47,354719,4,1,6,2,3,5
574,0,47,396719,2,4,1,5,0
575,64,37,62577,6,3,5,0,2,4
576,42,50,548683,3,4,2,1
577,6,47,800000,5,0,4
578,36,30,262724,1,3,6
579,22,47,11440,3,6,5,2,1
580,37,10,53917,5,4,6,0,1
581,0,30,292608,4,3,6,5
582,22,77,23078,3,4,0
583,63,61,800000,6,1,2
