0,44,47,800000,5,3,0,6
1,47,36,218186,1,2,0,5,6
2,41,66,800000,6,0,4,1
3,2,37,11242,5,4,2
4,17,61,32837,5,1,4
5,64,47,12807,3,0,5
6,36,73,17585,4,0,2,3,1,5
7,42,66,474750,5,0,2,4
8,44,50,350240,6,2,3
9,22,47,10955,5,0,4,1
10,2,47,800000,1,2,4,0,5,6
11,73,61,35070,5,4,1,6,3,0
12,64,10,103520,3,5,6,2,0,1
13,2,25,12391,1,5,3,0,4
14,31,10,17157,3,1,0,6,2
15,5,77,142844,3,0,4,1,2
16,22,47,13429,4,0,6,5,2
17,42,25,27719,1,6,2
18,64,30,87849,6,3,0,1,5,4
19,2,10,10501,4,1,0,3,6,5
20,44,30,800000,4,1,0,6
21,22,77,21275,6,3,2,0,4
22,14,30,290887,6,5,0,1,2
23,36,47,354719,4,1,6,2,3,5
24,0,47,396719,2,4,1,5,0
25,64,37,62577,6,3,5,0,2,4
26,42,50,548683,3,4,2,1
27,6,47,800000,5,0,4
28,36,30,262724,1,3,6
29,22,47,11440,3,6,5,2,1
30,37,10,53917,5,4,6,0,1
31,0,30,292608,4,3,6,5
32,22,77,23078,3,4,0
33,63,61,800000,6,1,2
34,41,77,108942,0,3,6,1,5
35,12,36,163275,6,0,4
36,17,10,31968,3,2,1,5
37,44,39,39747,2,0,6,1,4
38,47,15,11905,2,6,4,1,0
39,14,47,800000,1,4,3,5
40,31,73,14317,0,3,5,6,1
41,17,30,33900,5,0,3
42,5,61,800000,2,3,1
43,44,73,53489,5,2,4
44,42,73,25340,5,3,4,2
45,2,30,643091,3,1,0,4,6,5
46,12,77,140993,6,1,3
47,14,36,108880,6,1,4
48,31,73,17123,3,5,4,6
49,42,47,725992,3,0,4,1
50,63,66,800000,5,2,1,0,4
51,14,47,800000,1,4,3,5
52,2,47,800000,1,2,4,0,5,6
53,36,47,315955,3,4,0,6
54,31,10,17261,3,6,1,5,2,4
55,47,37,13417,1,2,4,5
56,47,37,13910,2,1,3,6,5
57,44,10,80551,6,3,2,5,0,4
58,63,61,800000,0,4,5,3,6,1
59,37,30,56380,1,4,3,5
60,6,61,800000,0,2,5
61,47,25,13080,2,3,1,0,5,6
62,36,47,259337,1,4,6,3
63,64,77,23709,1,2,5,4,3,0
64,22,61,36777,3,1,4,6,0,5
65,36,30,243295,2,3,1
66,12,47,358196,2,6,0,5
67,36,50,250222,6,5,3,1
68,42,73,25335,0,5,4
69,0,77,99325,1,5,4,2,6
70,2,50,800000,6,2,5,4
71,14,36,117014,0,1,4,6
72,42,47,725992,3,0,4,1
73,44,36,129719,1,6,4,5
74,2,15,11423,4,2,1,0,6
75,47,73,13681,6,5,3,0,1,2
76,2,30,800000,3,4,1,2,5
77,47,36,169509,4,5,0,6,3
78,31,66,800000,1,4,6,0
79,22,39,45578,2,3,1,0
80,37,36,16765,3,4,0,5
81,22,25,78199,6,4,1,0,2,5
82,44,39,47881,2,4,1
83,17,73,27186,3,0,6
84,17,77,24294,3,6,1,2,0,4
85,31,61,800000,1,0,5,2,3
86,31,36,176413,0,6,3,1
87,47,25,14065,5,3,1,6,0
88,41,36,149617,1,5,2,3,4,6
89,12,77,140993,6,1,3
90,22,77,23078,3,4,0
91,73,37,48982,6,5,0,4,1,3
92,36,66,342844,6,4,2,1,5
93,31,30,800000,1,0,5,4,6
94,12,30,296899,4,5,6,2,3,0
95,0,61,474189,6,0,3,4,1
96,2,15,10551,6,3,1,2,0
97,37,47,12115,6,1,5,0,2,3
98,2,47,800000,6,4,5,3
99,64,30,105276,0,2,4,5,6
100,37,47,11029,3,0,1,2
101,64,61,40460,3,0,4,1
102,31,61,800000,1,0,5,2,3
103,17,73,27801,6,5,3,2,0,1
104,2,61,800000,1,3,5,0
105,22,25,69347,4,6,1
106,63,47,800000,0,6,4,3
107,14,30,334764,4,1,5,6,3
108,73,36,17448,1,2,4
109,37,77,25143,6,3,0,4,2,1
110,6,36,156566,6,5,4,1,3
111,42,77,139290,0,5,2,4,6
112,31,36,204731,5,6,2
113,36,37,18213,0,6,4,1
114,63,77,171211,1,5,2,4,6,0
115,37,77,21619,1,4,5,6,2,0
116,31,36,204731,5,6,2
117,2,61,800000,1,2,6
118,41,61,800000,6,0,2,5,1,3
119,14,66,800000,2,0,6
120,42,39,31738,6,1,0,5
121,14,47,800000,4,6,1,0,3,5
122,36,37,21058,3,1,5,6
123,17,25,32798,0,2,3,6,4,1
124,63,61,800000,6,1,2
125,17,30,42246,1,5,2,0
126,47,10,14967,0,5,3
127,36,10,22756,0,6,4,2,3,1
128,47,50,800000,3,2,6,5,0
129,2,25,11855,4,5,6
130,2,10,10501,4,1,0,3,6,5
131,63,77,171211,1,5,2,4,6,0
132,47,39,14353,0,6,1
133,42,39,25214,6,0,3,5
134,63,50,800000,5,2,0,6,1,4
135,47,50,800000,4,5,6,0,1,2
136,17,47,12611,4,0,5,6,2,1
137,36,47,354719,4,1,6,2,3,5
138,31,36,176413,0,6,3,1
139,5,66,800000,2,4,6,1,3,5
140,73,39,37484,4,3,5
141,44,37,81950,4,1,3,5,6
142,47,25,13080,2,3,1,0,5,6
143,31,36,204731,5,6,2
144,64,37,62577,6,3,5,0,2,4
145,44,25,76286,1,6,4,2
146,17,39,32304,2,4,1,5,0
147,14,50,800000,4,0,2,1,6
148,6,66,800000,6,5,3,1,0
149,73,39,42487,1,2,5,3,4,6
150,22,25,78199,6,4,1,0,2,5
151,2,37,10218,3,1,5,0
152,44,66,535819,4,1,2,0,5,6
153,73,36,18516,2,3,1,5,0,6
154,44,39,47881,2,4,1
155,36,77,186107,0,2,1,3
156,2,66,800000,0,2,5,4
157,2,30,800000,3,4,1,2,5
158,17,39,35430,6,3,0,5,1,4
159,12,30,243568,0,4,1,5,2,6
160,37,30,56380,1,4,3,5
161,31,77,190686,6,3,1,4,2,5
162,17,15,29586,0,5,1,6
163,36,39,19311,1,5,6,3,2
164,6,61,800000,4,1,2,0
165,14,36,117014,0,1,4,6
166,44,10,80551,6,3,2,5,0,4
167,36,30,243295,2,3,1
168,17,25,32089,1,6,3
169,17,61,32837,5,1,4
170,37,15,57407,5,3,4,2,1
171,31,39,17589,0,1,4,2
172,14,47,800000,2,6,1,5,3,4
173,42,30,800000,1,6,4,5,0
174,5,47,800000,5,4,1,0
175,47,15,12276,0,6,5,2,1,3
176,14,36,134335,1,2,4,0,5
177,14,61,800000,6,1,0,2
178,47,61,800000,1,5,6,4,3,0
179,31,10,17261,3,6,1,5,2,4
180,44,10,102826,4,2,5,3,6
181,2,25,11855,4,5,6
182,73,61,36415,3,2,4,0
183,42,47,725992,3,0,4,1
184,73,15,55285,6,3,0,1,2
185,22,39,45903,5,2,3,4
186,36,50,279047,2,5,3,6,4,0
187,12,66,238266,5,3,4
188,47,39,14322,1,5,3,0,4
189,36,66,251943,5,4,0,6,1
190,5,30,564563,6,4,1,0,2,3
191,14,77,128910,2,4,6,3
192,6,36,138165,1,6,3,0
193,73,10,53751,3,2,0,6,4,5
194,42,61,800000,0,4,5
195,5,77,143537,1,2,5,4
196,14,61,800000,6,2,5
197,37,30,61328,5,0,4,3,1,6
198,44,37,69493,2,4,5,3,6
199,63,66,800000,0,5,3,1
200,31,50,800000,2,6,1
201,5,66,800000,2,4,5,6,1,3
202,73,39,37484,4,3,5
203,73,36,18516,2,3,1,5,0,6
204,36,37,19594,0,5,4,3
205,31,50,800000,1,3,0,6,4
206,0,30,515451,4,6,0
207,63,50,800000,5,2,0,6,1,4
208,36,66,342844,6,4,2,1,5
209,63,61,800000,6,1,2
210,47,15,12276,0,6,5,2,1,3
211,47,37,13417,1,2,4,5
212,64,15,101721,6,4,0,3,1
213,5,61,800000,2,3,1
214,41,66,800000,6,1,2,0
215,47,37,12219,6,0,3,2,5,4
216,2,66,800000,0,2,5,4
217,31,39,17594,2,1,4,6,3,0
218,31,39,16114,3,5,6,0,1,4
219,22,61,36255,5,4,6
220,22,47,13228,1,6,3,0,4
221,44,10,80551,6,3,2,5,0,4
222,17,37,31858,0,6,2,1,3,5
223,6,61,800000,0,2,5
224,42,25,27719,1,6,2
225,22,15,81649,3,2,6,1,0,5
226,2,39,10880,5,3,6,4,2
227,0,66,420282,6,1,0,3
228,44,39,39747,2,0,6,1,4
229,64,37,69748,0,1,6
230,73,61,35070,5,4,1,6,3,0
231,31,73,15620,0,4,6,2
232,42,36,116869,4,5,1,6,0
233,2,50,800000,1,2,4,0,6
234,12,50,250488,1,6,4
235,5,61,800000,5,6,0,3,1,2
236,47,66,800000,2,1,4
237,44,61,800000,2,1,5,6,3
238,44,66,535819,4,1,2,0,5,6
239,2,10,10501,4,1,0,3,6,5
240,2,39,10880,5,3,6,4,2
241,0,61,419961,3,6,0
242,44,66,535819,4,1,2,0,5,6
243,17,36,19982,4,3,0,6,1,5
244,0,30,443852,1,0,6,4,5,2
245,12,50,316592,5,2,3,1,6
246,47,39,13914,5,6,0,1
247,73,30,62980,1,4,5,6
248,42,30,800000,0,2,4,5,3,1
249,37,15,69624,0,4,5,2
250,37,25,60350,5,3,1,0
251,36,39,20167,6,5,4,3
252,6,47,800000,2,0,4,5
253,41,30,359014,5,3,6
254,44,77,105052,4,1,0,2,3,6
255,42,61,800000,0,4,5,3,2
256,14,50,800000,5,2,4
257,0,30,515451,4,6,0
258,31,37,14965,5,4,1
259,44,30,800000,5,3,2,4,1,0
260,63,66,800000,5,2,1,0,4
261,64,61,42464,0,2,1,4
262,73,37,47189,2,4,1,3
263,22,61,33278,0,2,6,4
264,2,10,10501,4,1,0,3,6,5
265,42,66,518343,5,6,0
266,37,39,45382,2,0,5,3,4
267,44,61,800000,4,2,6,1,5,0
268,36,66,251943,5,4,0,6,1
269,6,50,800000,5,2,1,4,0
270,31,73,14342,0,1,2,4,5
271,42,73,26334,3,5,0
272,47,73,13681,6,5,3,0,1,2
273,12,66,289266,1,5,0
274,17,77,24438,2,0,1,5,6,4
275,41,50,800000,0,3,5,1,6,4
276,2,10,11259,4,2,6
277,36,66,251943,5,4,0,6,1
278,6,66,800000,6,0,4,3
279,44,50,350240,6,2,3
280,64,77,24221,1,5,0,4,6,3
281,36,15,16878,3,6,0,5,4,1
282,47,15,12276,0,6,5,2,1,3
283,12,77,154261,4,0,1,3
284,2,36,154258,6,4,2,5,1,3
285,12,47,358196,2,6,0,5
286,64,73,68780,2,4,5,3
287,31,10,17157,3,1,0,6,2
288,31,61,800000,3,6,0,2
289,41,50,800000,6,0,2
290,73,36,18516,2,3,1,5,0,6
291,73,61,38440,6,4,5,3
292,41,36,149617,1,5,2,3,4,6
293,0,30,292608,4,3,6,5
294,73,10,44398,1,4,6,2
295,47,37,13910,2,1,3,6,5
296,14,30,505463,4,1,3,2,0
297,42,66,518343,5,6,0
298,31,61,800000,3,4,0,1
299,63,47,800000,5,2,1
300,41,36,150894,6,0,2,1,4,5
301,47,37,12219,6,0,3,2,5,4
302,44,15,91332,3,5,1,0,2
303,2,39,12214,3,1,2,4,6,0
304,37,30,56380,1,4,3,5
305,14,36,117014,0,1,4,6
306,64,77,24221,1,5,0,4,6,3
307,17,61,32837,5,1,4
308,36,39,18261,0,2,5,4,3,6
309,17,15,28871,1,0,4,2,6
310,17,39,35458,2,1,3
311,2,66,800000,2,0,1,6,3,4
312,14,77,152921,4,3,2,0
313,17,30,33900,5,0,3
314,0,61,419961,3,6,0
315,17,39,35430,6,3,0,5,1,4
316,5,50,800000,6,3,2,4,1,0
317,0,47,384097,3,4,6,2
318,31,30,800000,1,0,5,4,6
319,37,30,56380,1,4,3,5
320,36,66,342844,6,4,2,1,5
321,31,36,228966,6,3,0
322,22,36,22766,0,3,5,1
323,36,15,18313,1,4,5,2,6
324,14,36,134335,1,2,4,0,5
325,44,25,83556,6,1,3,0
326,63,61,800000,0,2,6,4
327,31,10,17157,3,1,0,6,2
328,42,61,800000,4,1,5,0
329,12,77,153701,6,4,2
330,2,73,10147,4,6,0,5
331,12,47,337316,4,2,0,1
332,42,30,800000,0,2,4,5,3,1
333,41,50,800000,0,3,5,1,6,4
334,2,10,11259,4,2,6
335,73,77,23710,4,3,6
336,73,30,54538,6,0,1,5,3
337,44,73,57763,0,2,3,4,6,5
338,22,10,74560,5,1,4,6,2,3
339,47,10,13452,0,1,2
340,17,36,22030,4,0,5,2
341,44,73,53489,5,2,4
342,14,77,179040,0,4,5
343,41,36,150894,6,0,2,1,4,5
344,42,66,609283,6,3,0,4,2
345,73,39,37484,4,3,5
346,63,61,800000,6,0,1
347,0,36,115446,5,2,3
348,6,36,138165,1,6,3,0
349,37,36,17514,4,3,6,1,0,2
350,64,36,16270,3,5,2
351,36,15,18313,1,4,5,2,6
352,17,61,32837,5,1,4
353,0,50,466296,0,3,4,5
354,73,61,36415,3,2,4,0
355,31,66,800000,1,4,6,0
356,0,50,466296,0,3,4,5
357,64,39,38551,0,1,4,2,6,5
358,5,61,800000,2,3,1
359,64,47,11867,2,3,5,4,6
360,6,61,800000,4,1,2,0
361,64,25,124930,2,5,3
362,41,77,108942,0,3,6,1,5
363,37,77,23070,4,1,2,6,3
364,22,61,36777,3,1,4,6,0,5
365,14,61,800000,6,2,5
366,22,15,81649,3,2,6,1,0,5
367,17,47,10974,1,5,3,6,2
368,14,47,800000,6,0,2,3
369,37,10,53917,5,4,6,0,1
370,47,77,200679,6,0,5,4
371,44,77,123358,0,4,3,2
372,42,37,26345,6,5,2,4,3,1
373,22,36,24978,1,2,6
374,12,61,327048,1,0,6,5,2,3
375,6,30,611110,2,4,1,0
376,44,10,80551,6,3,2,5,0,4
377,12,30,258301,3,4,2,6,1,0
378,22,73,65194,6,1,4,2
379,63,30,596768,1,4,2,5,3,6
380,44,25,72997,1,6,0,5
381,44,36,142913,4,3,2
382,17,77,27298,0,4,1,5,6,3
383,64,61,37634,5,3,0,6,4
384,17,47,10974,1,5,3,6,2
385,17,10,31968,3,2,1,5
386,31,66,800000,4,5,2,6,0
387,2,39,10880,5,3,6,4,2
388,64,15,109086,1,0,4,2
389,36,37,19594,0,5,4,3
390,14,50,800000,4,0,1
391,6,50,800000,5,0,1,6
392,47,77,201726,1,5,6,4,2,0
393,44,73,57830,5,0,4,3,1,6
394,2,39,12214,3,1,2,4,6,0
395,73,25,47155,1,2,4,6
396,63,47,800000,0,6,4,3
397,0,77,115617,5,0,6
398,6,77,150196,6,3,1,0,2,5
399,44,37,68882,3,6,0,2
400,22,37,64441,5,0,6
401,31,77,190686,6,3,1,4,2,5
402,63,36,158580,6,1,0
403,2,77,216320,1,6,5,2,4
404,0,77,99325,1,5,4,2,6
405,64,39,43606,5,4,6,3,1,2
406,31,25,16269,6,1,0,5,4
407,47,30,800000,0,4,3,5,6,1
408,22,47,11440,3,6,5,2,1
409,42,25,24151,6,1,2,0,3
410,64,15,96651,3,5,1,6,4
411,17,47,10795,2,4,5
412,63,36,142964,4,6,1,2,3
413,2,50,800000,1,2,4,0,6
414,2,50,784779,4,5,0,6
415,2,73,10014,0,4,3,6
416,36,10,18682,2,5,1,6,0
417,2,25,11855,4,5,6
418,22,61,33278,0,2,6,4
419,37,15,69624,0,4,5,2
420,42,66,518343,5,6,0
421,42,61,800000,0,4,5,3,2
422,14,61,800000,6,2,5
423,42,50,580135,5,3,0
424,44,50,448932,4,0,2,5
425,22,61,36255,5,4,6
426,17,61,27693,1,5,3
427,44,61,800000,5,2,1
428,36,50,292906,3,4,0
429,64,36,15787,1,3,5,0,2
430,36,66,342844,6,4,2,1,5
431,41,50,800000,6,0,2
432,22,30,73106,0,6,4,5,3,2
433,42,47,800000,6,0,3,1,5,4
434,63,47,800000,0,6,4,3
435,2,36,165888,0,3,5,4,6,1
436,5,66,800000,2,4,5,6,1,3
437,2,61,800000,1,3,5,0
438,17,37,33768,2,6,3,0
439,64,37,58120,5,4,2,6,1,0
440,36,61,341730,5,4,2,0
441,17,30,31475,4,6,0,5
442,17,73,27801,6,5,3,2,0,1
443,36,50,292906,3,4,0
444,47,10,14967,0,5,3
445,73,47,12305,3,4,5
446,47,61,800000,5,1,4
447,31,39,17594,2,1,4,6,3,0
448,17,61,32837,5,1,4
449,22,37,67814,5,4,3,1,2
450,63,66,800000,0,5,3,1
451,44,36,111290,1,4,6,5,2
452,42,66,609283,6,3,0,4,2
453,42,37,25087,2,4,1
454,64,73,68780,2,4,5,3
455,5,66,800000,2,4,6,1,3,5
456,64,25,121222,4,0,2,5,3
457,12,47,337316,4,2,0,1
458,42,47,685306,0,2,4,3
459,41,61,800000,3,2,4,6
460,47,66,800000,5,3,1
461,37,30,61328,5,0,4,3,1,6
462,44,15,91332,3,5,1,0,2
463,22,25,69347,4,6,1
464,36,47,292922,0,6,1,5,2,3
465,64,30,101730,5,1,2,0,6,4
466,5,61,800000,4,6,1,2
467,73,47,12305,3,4,5
468,12,36,198383,1,6,3,4,5
469,31,47,800000,4,6,3,0
470,31,77,190686,6,3,1,4,2,5
471,6,30,611110,2,4,1,0
472,42,50,548683,3,4,2,1
473,12,47,358196,2,6,0,5
474,5,77,142844,3,0,4,1,2
475,2,39,10880,5,3,6,4,2
476,41,36,149617,1,5,2,3,4,6
477,37,25,63717,0,2,3,5,4,6
478,6,61,800000,4,2,3,5
479,47,39,14322,1,5,3,0,4
480,2,39,12214,3,1,2,4,6,0
481,17,30,31475,4,6,0,5
482,64,73,58027,2,0,4,6
483,44,15,98557,4,6,3,0
484,42,47,800000,6,0,3,1,5,4
485,6,36,110610,5,2,3
486,64,25,115583,5,6,4,1,0,2
487,22,47,11440,3,6,5,2,1
488,73,10,66135,2,0,6,4
489,0,61,462732,2,5,0,1,6,3
490,17,61,32350,5,1,3,6
491,41,61,800000,3,5,4,0
492,64,30,87849,6,3,0,1,5,4
493,73,30,62980,1,4,5,6
494,31,15,16438,6,2,1,4,0,5
495,36,66,278972,6,3,2
496,14,30,571543,4,0,1,5
497,37,10,67364,0,2,5,4,6
498,37,25,61843,5,2,1,6
499,63,50,800000,6,1,2,5,0
500,42,47,725992,3,0,4,1
501,6,30,611110,2,4,1,0
502,64,39,44018,6,3,4,1,0,2
503,64,77,20162,4,5,0,2,6,3
504,22,73,62903,0,5,3,4
505,22,61,36777,3,1,4,6,0,5
506,31,77,190686,6,3,1,4,2,5
507,17,73,30918,5,0,1
508,64,37,63599,5,4,0,1
509,5,36,131203,5,4,3,2,1,0
510,37,25,60350,5,3,1,0
511,36,50,292906,3,4,0
512,0,36,115446,5,2,3
513,12,47,318672,3,4,0,2,1,5
514,17,25,31470,6,2,5,3,4
515,44,39,48065,1,3,2,0
516,42,77,125627,0,1,5,4,2
517,73,10,65881,5,6,1,3,2,4
518,36,50,292906,3,4,0
519,64,25,121222,4,0,2,5,3
520,73,30,54538,6,0,1,5,3
521,73,30,62980,1,4,5,6
522,73,47,12305,3,4,5
523,17,39,32304,2,4,1,5,0
524,31,73,15620,0,4,6,2
525,41,77,113131,6,1,4
526,22,37,64441,5,0,6
527,63,50,800000,2,6,0,4,1
528,64,73,58027,2,0,4,6
529,64,39,44018,6,3,4,1,0,2
530,44,36,111290,1,4,6,5,2
531,64,73,74824,3,5,6
532,31,36,228966,6,3,0
533,17,25,32089,1,6,3
534,5,36,157434,1,6,2
535,31,30,800000,5,1,3,4,0
536,36,37,19942,0,4,2,3,5
537,5,30,396256,3,2,1,0,5,6
538,37,73,43720,0,2,4,1,5
539,31,25,16558,2,6,3,1
540,37,73,47366,6,5,2
541,47,39,14322,1,5,3,0,4
542,2,37,10705,3,4,2
543,31,77,242834,2,3,6,5
544,2,77,189466,1,6,4,5,2
545,31,37,16034,1,5,6,0
546,0,30,292608,4,3,6,5
547,44,73,57830,5,0,4,3,1,6
548,42,10,27509,3,4,5
549,42,61,800000,2,5,3,4,0,6
550,41,30,417693,5,6,1,0,2,3
551,73,25,52592,5,0,3,6
552,14,47,800000,6,0,2,3
553,2,10,10501,4,1,0,3,6,5
554,64,25,124930,2,5,3
555,44,30,800000,3,1,0,2
556,12,50,316592,5,2,3,1,6
557,0,47,472836,5,2,1,0
558,47,73,13681,6,5,3,0,1,2
559,73,30,60595,4,1,0,6
560,17,61,32837,5,1,4
561,14,47,800000,1,4,3,5
562,36,37,18213,0,6,4,1
563,2,50,800000,1,2,4,0,6
564,41,47,800000,0,4,5,1
565,47,50,800000,4,5,6,0,1,2
566,17,25,32798,0,2,3,6,4,1
567,36,47,315955,3,4,0,6
568,14,36,134335,1,2,4,0,5
569,31,77,236120,3,0,2
570,5,47,800000,5,4,1,0
571,6,30,650211,1,5,2,4,0,3
572,22,25,78199,6,4,1,0,2,5
573,31,73,14317,0,3,5,6,1
574,12,30,296899,4,5,6,2,3,0
575,44,10,99240,5,0,4,6,1,3
576,12,61,293361,0,3,2,4
577,31,36,204731,5,6,2
578,36,37,19942,0,4,2,3,5
579,17,39,35458,2,1,3
580,17,10,31968,3,2,1,5
581,47,77,200679,6,0,5,4
582,47,10,14281,0,4,1,6
583,5,50,800000,6,3,2,4,1,0
584,42,47,786328,3,2,1,0
585,47,10,14967,0,5,3
586,5,36,131203,5,4,3,2,1,0
587,42,37,27866,0,3,6,1,4
588,17,15,27926,2,0,6
589,31,25,15007,0,4,2,3,5,1
590,2,10,11230,4,3,6,2,1,0
591,37,15,69624,0,4,5,2
592,31,10,17254,2,1,3,0,5,6
593,36,66,323026,4,2,3,0
594,31,30,800000,2,5,0,4
595,47,77,201726,1,5,6,4,2,0
596,63,61,800000,6,1,2
597,12,61,293361,0,3,2,4
598,44,15,98557,4,6,3,0
599,42,10,26763,5,1,2,6,3
600,14,50,800000,4,5,3,2,1
601,36,47,259337,1,4,6,3
602,73,37,47189,2,4,1,3
603,36,47,292922,0,6,1,5,2,3
604,42,10,27509,3,4,5
605,47,66,800000,5,3,1
606,36,61,351499,0,3,2,6,1,4
607,17,73,30918,5,0,1
608,44,25,89227,0,5,2,1,6,4
609,6,66,800000,6,0,4,3
610,22,73,54499,5,1,6,4,2,3
611,31,25,15007,0,4,2,3,5,1
612,12,50,239588,4,2,0,5,1,6
613,12,61,327048,1,0,6,5,2,3
614,42,66,578598,4,1,5,0
615,73,10,65881,5,6,1,3,2,4
616,17,77,24038,3,2,6,0,4
617,17,37,33768,2,6,3,0
618,5,61,800000,4,6,1,2
619,12,66,238266,5,3,4
620,73,77,20017,3,6,4,1,5
621,0,77,100494,4,0,5,2
622,41,47,800000,6,4,5
623,2,61,800000,0,5,2,1,6
624,14,30,505463,4,1,3,2,0
625,14,77,152921,4,3,2,0
626,63,66,800000,5,2,1,0,4
627,5,47,800000,5,4,1,0
628,64,15,101721,6,4,0,3,1
629,14,36,134335,1,2,4,0,5
630,73,39,37890,0,6,2,4,1,5
631,42,77,117599,0,1,2,4,6,3
632,17,37,33768,2,6,3,0
633,44,25,76286,1,6,4,2
634,41,30,359014,5,3,6
635,41,77,134641,4,0,5,6
636,14,30,334764,4,1,5,6,3
637,6,30,611110,2,4,1,0
638,64,10,103520,3,5,6,2,0,1
639,44,47,771525,1,4,0
640,5,61,800000,2,5,6,0
641,37,30,56380,1,4,3,5
642,31,66,800000,1,4,6,0
643,64,61,42464,0,2,1,4
644,2,25,12391,1,5,3,0,4
645,31,39,16600,0,2,5
646,42,39,31738,6,1,0,5
647,2,36,199403,1,2,6,5,4,3
648,63,47,800000,0,6,4,3
649,42,61,800000,4,1,5,0
650,22,15,66117,2,4,0,3
651,5,77,142844,3,0,4,1,2
652,17,36,17848,2,6,0,4
653,0,47,339963,2,0,5
654,12,30,258301,3,4,2,6,1,0
655,5,36,126479,6,3,2
656,44,37,68882,3,6,0,2
657,14,66,800000,2,0,6
658,37,10,53917,5,4,6,0,1
659,44,61,800000,5,2,1
660,64,15,109086,1,0,4,2
661,17,10,31968,3,2,1,5
662,14,47,800000,6,0,2,3
663,0,61,474189,6,0,3,4,1
664,2,30,800000,4,2,1,6
665,64,15,101721,6,4,0,3,1
666,37,36,17150,0,6,4,3
667,17,47,10795,2,4,5
668,63,50,800000,5,2,0,6,1,4
669,37,77,25143,6,3,0,4,2,1
670,42,25,27719,1,6,2
671,42,36,116869,4,5,1,6,0
672,73,30,60412,3,6,4,2
673,44,10,99240,5,0,4,6,1,3
674,14,36,144454,4,5,1,2
675,41,66,800000,2,0,3,6,1
676,42,66,518343,5,6,0
677,5,36,126479,6,3,2
678,47,73,11849,1,3,5,0,2
679,64,10,92554,5,0,2,3,4
680,41,30,417693,5,6,1,0,2,3
681,36,73,18325,2,3,6,1
682,73,77,22969,0,5,6
683,5,61,800000,5,6,0,3,1,2
684,22,36,22766,0,3,5,1
685,73,37,47189,2,4,1,3
686,64,47,11452,1,3,2,4,0,6
687,31,73,17123,3,5,4,6
688,47,61,800000,3,6,5,2,4
689,14,47,800000,6,0,2,3
690,64,30,105344,0,4,2,6,5,3
691,63,61,800000,6,1,2
692,31,50,800000,1,3,0,6,4
693,37,39,42992,0,5,4
694,63,77,171211,1,5,2,4,6,0
695,0,47,472836,5,2,1,0
696,5,47,800000,1,3,2,5,0,4
697,6,47,800000,2,0,4,5
698,14,50,800000,4,0,1
699,44,77,123358,0,4,3,2
700,37,47,11310,5,6,0,4
701,64,37,62577,6,3,5,0,2,4
702,63,50,800000,6,1,2,5,0
703,63,30,596768,1,4,2,5,3,6
704,47,15,12916,5,1,6,4,3,2
705,73,36,15050,4,0,2,6,5
706,14,36,134335,1,2,4,0,5
707,22,37,67814,5,4,3,1,2
708,37,15,47451,0,5,6,4,3
709,44,73,53489,5,2,4
710,31,50,800000,3,1,4
711,12,30,258301,3,4,2,6,1,0
712,12,25,10911,6,2,4
713,2,36,207550,4,1,5,6,2
714,0,66,356873,5,6,0
715,64,39,43606,5,4,6,3,1,2
716,0,77,100494,4,0,5,2
717,73,37,48982,6,5,0,4,1,3
718,0,77,99325,1,5,4,2,6
719,2,15,11423,4,2,1,0,6
720,64,39,39765,6,4,0
721,37,36,18817,1,6,3,4,5
722,2,50,800000,2,4,5,6,3
723,0,66,356873,5,6,0
724,36,50,292906,3,4,0
725,63,30,589422,6,1,2,4,5
726,17,37,31858,0,6,2,1,3,5
727,42,47,725992,3,0,4,1
728,2,50,800000,6,2,5,4
729,44,10,102826,4,2,5,3,6
730,22,39,43270,4,6,3,0,5,1
731,42,10,27509,3,4,5
732,31,50,800000,2,6,1
733,73,36,16833,2,5,3,6
734,37,30,56380,1,4,3,5
735,6,66,800000,6,0,4,3
736,17,39,35458,2,1,3
737,36,61,341730,5,4,2,0
738,36,73,18325,2,3,6,1
739,31,47,800000,4,6,3,0
740,64,37,58120,5,4,2,6,1,0
741,47,50,800000,3,2,6,5,0
742,14,61,800000,3,4,1,2,5,0
743,44,37,66747,1,4,0,6,2,5
744,44,77,123358,0,4,3,2
745,36,77,210735,1,4,0
746,73,61,35070,5,4,1,6,3,0
747,12,25,10911,6,2,4
748,73,15,46879,0,2,6
749,12,30,188585,4,1,6,0
750,64,37,69748,0,1,6
751,37,61,34228,4,0,1,5,6
752,44,39,48065,1,3,2,0
753,73,39,42487,1,2,5,3,4,6
754,14,61,800000,6,2,5
755,44,73,55010,4,0,1,5
756,44,61,800000,2,1,5,6,3
757,22,10,86168,2,4,1
758,47,39,13928,5,3,1,0,4,2
759,44,61,800000,4,2,6,1,5,0
760,6,61,800000,0,2,5
761,41,77,113131,6,1,4
762,0,47,384097,3,4,6,2
763,42,36,112643,6,3,1,4
764,5,30,405805,2,3,4
765,37,73,47366,6,5,2
766,36,47,354719,4,1,6,2,3,5
767,0,77,99325,1,5,4,2,6
768,36,61,351499,0,3,2,6,1,4
769,42,36,116869,4,5,1,6,0
770,73,39,37966,6,5,1,4,0,3
771,6,77,141731,1,2,0,5,4
772,73,30,54538,6,0,1,5,3
773,42,25,28435,5,3,6,2,1
774,17,77,27298,0,4,1,5,6,3
775,44,73,57830,5,0,4,3,1,6
776,22,77,21275,6,3,2,0,4
777,31,15,16340,1,2,6,3
778,14,66,800000,2,0,5
779,42,30,800000,0,2,4,5,3,1
780,12,30,243568,0,4,1,5,2,6
781,22,15,81468,1,3,0,4,6,5
782,42,73,23060,6,4,3,2,5,1
783,47,66,800000,0,6,4,3,2
784,2,66,800000,0,2,5,4
785,37,25,63717,0,2,3,5,4,6
786,6,66,800000,4,1,6,2,0
787,44,61,800000,4,2,5,1,3
788,64,10,103520,3,5,6,2,0,1
789,6,61,800000,0,2,6,1,4
790,22,25,73779,1,0,5,4,2
791,5,30,405805,2,3,4
792,22,47,10955,5,0,4,1
793,2,36,154258,6,4,2,5,1,3
794,5,30,396256,3,2,1,0,5,6
795,14,61,800000,6,2,5
796,73,30,60412,3,6,4,2
797,64,10,96867,3,4,6,5,2,1
798,64,10,103520,3,5,6,2,0,1
799,0,66,466471,2,1,4,5,6,0
800,2,25,11819,2,4,6,5,1
801,17,77,24294,3,6,1,2,0,4
802,0,66,460691,1,4,5,3,2,6
803,64,30,105276,0,2,4,5,6
804,42,47,800000,6,0,3,1,5,4
805,0,36,111587,0,3,2
806,41,47,800000,4,0,2,6
807,36,10,20074,3,4,5,2
808,0,50,453425,6,2,3,0
809,17,39,31205,5,4,2
810,42,30,800000,5,6,3
811,37,73,43720,0,2,4,1,5
812,47,77,201726,1,5,6,4,2,0
813,31,15,16712,1,3,6,4,2
814,42,30,800000,1,6,4,5,0
815,37,39,41153,4,0,3
816,44,47,800000,2,5,0,1
817,5,50,800000,6,3,2,4,1,0
818,41,77,108942,0,3,6,1,5
819,37,36,17150,0,6,4,3
820,44,37,81950,4,1,3,5,6
821,63,77,164051,6,5,3
822,64,61,36303,2,6,0,5
823,42,37,27866,0,3,6,1,4
824,2,10,10501,4,1,0,3,6,5
825,63,61,800000,0,4,5,3,6,1
826,36,30,230780,4,3,2,0,5
827,73,10,65881,5,6,1,3,2,4
828,22,77,21555,0,1,5,4,6
829,64,73,74824,3,5,6
830,0,47,339963,2,0,5
831,44,30,800000,5,3,2,4,1,0
832,36,50,279047,2,5,3,6,4,0
833,0,66,466471,2,1,4,5,6,0
834,2,50,800000,6,2,5,4
835,47,61,800000,1,5,6,4,3,0
836,44,15,75861,1,0,5
837,44,50,448932,4,0,2,5
838,14,36,117014,0,1,4,6
839,2,50,800000,1,2,4,0,6
840,44,36,129719,1,6,4,5
841,5,50,800000,1,0,5
842,36,47,292922,0,6,1,5,2,3
843,44,39,41461,4,6,0,1,3,2
844,37,61,33643,6,4,0,1,5
845,63,30,596768,1,4,2,5,3,6
846,47,77,201726,1,5,6,4,2,0
847,36,39,19594,6,5,2,4,1
848,44,50,377061,5,6,0,2
849,42,36,96771,0,4,6,1,3,5
850,64,77,23709,1,2,5,4,3,0
851,64,10,96867,3,4,6,5,2,1
852,31,15,16340,1,2,6,3
853,31,10,17261,3,6,1,5,2,4
854,47,37,13910,2,1,3,6,5
855,2,10,10501,4,1,0,3,6,5
856,6,30,650211,1,5,2,4,0,3
857,63,66,800000,0,5,3,1
858,6,30,578147,3,2,5,4,0
