0,39,236
4,108,210
16,622,142
18,481,186
32,866,121
45,1307,47
49,2565,182
55,378,129
73,2445,198
77,2402,74
109,395,104
128,473,213
133,383,100
149,230,257
156,307,253
157,238,253
159,1209,188
168,386,22
175,419,235
178,675,151
180,1981,209
191,297,115
218,377,64
232,1152,79
236,2325,61
253,276,28
268,449,189
284,1519,242
290,1521,194
339,1655,40
343,730,253
348,390,89
392,440,210
423,844,55
430,701,135
443,5635,149
453,455,140
454,745,42
496,1399,124
497,1101,198
524,1433,169
527,2327,160
556,1283,147
590,2473,87
609,4555,111
610,3439,219
644,853,63
648,6418,177
654,1675,213
682,807,24
684,1583,247
695,2076,209
709,856,181
711,3130,139
714,2665,84
739,782,61
743,3711,237
744,3730,0
765,4601,87
792,930,174
816,3037,22
828,2184,85
856,1517,62
865,1205,259
906,1142,29
909,1367,95
923,1454,126
930,1550,190
940,1342,76
944,1277,69
951,1303,55
953,1972,155
955,2084,2
987,1417,185
1003,2552,71
1016,1310,80
1055,1373,252
1071,3653,215
1112,2174,110
1126,1387,30
1141,2611,35
1189,1464,262
1199,2655,210
1220,2112,0
1235,2812,227
1237,1671,194
1279,1911,241
1306,4448,23
1312,1890,245
1319,1518,94
1347,1550,193
1429,2079,78
1431,1661,193
1453,1753,103
1454,1982,64
1479,2114,221
1491,1507,257
1495,4171,181
1499,2328,193
1514,2195,78
1521,1687,123
1536,1737,172
1549,4151,98
1629,2453,171
1633,2234,102
1690,2708,82
1694,2500,69
1704,4252,168
1713,1897,227
1715,3116,103
1735,2708,209
1737,2626,197
1756,3886,12
1758,1931,206
1760,2860,252
1780,2356,196
1853,2749,95
1854,2823,262
1857,2097,193
1884,2380,117
1894,2585,262
1896,2072,12
1899,1971,3
1917,2344,103
1923,2033,262
1964,2278,160
1975,3909,3
1982,2396,116
1986,2009,160
1995,2297,263
2036,3441,7
2058,2102,95
2060,2762,128
2109,3051,85
2166,2819,119
2190,2315,37
2202,2509,231
2251,3159,251
2260,2859,22
2300,5679,7
2323,2456,32
2344,4318,51
2389,4928,40
2418,3278,84
2420,2954,143
2430,3630,178
2499,2519,172
2530,3252,118
2547,3105,101
2550,3279,131
2599,4111,140
2613,3293,215
2632,2689,60
2633,4645,241
2694,3673,19
2695,3369,216
2761,3010,96
2764,2994,213
2770,5575,151
2792,2973,133
2825,3248,156
2843,4128,52
2936,3081,6
2945,5166,139
2963,2989,163
2987,4310,48
3024,3996,49
3025,3956,219
3038,6558,144
3057,4256,2
3077,3171,171
3096,3521,230
3112,5059,223
3117,4595,155
3145,7136,128
3155,5291,93
3170,3243,108
3177,3633,230
3179,3232,110
3194,5069,131
3244,3345,206
3258,3640,220
3274,3527,240
3319,3414,76
3328,4523,123
3338,6480,166
3341,3904,207
3359,4407,178
3364,5042,205
3401,3899,145
3414,3890,99
3485,3696,17
3501,4425,256
3505,7009,5
3524,4468,113
3533,3768,247
3540,9740,152
3569,6122,22
3571,3848,246
3581,3881,164
3589,3688,243
3592,6566,148
3596,4496,104
3619,5658,126
3626,4854,147
3647,3700,65
3660,6960,91
3687,3811,32
3700,5264,137
3704,4213,18
3726,3863,221
3808,4258,109
3848,4464,87
3864,4600,118
3902,6243,161
3938,4120,200
3960,4272,20
3985,5495,157
3996,4617,199
4014,5286,143
4016,4250,99
4061,4302,104
4062,4953,211
4070,4724,199
4104,6632,233
4109,6765,175
4143,4344,112
4144,6584,186
4156,4329,95
4157,5667,248
4166,4278,140
4198,4255,33
4229,5327,169
4231,4704,192
4232,4521,0
4235,4716,220
4244,4644,93
4291,5268,41
4316,5842,220
4320,4640,17
4327,6126,167
4331,6423,54
4376,5036,32
4397,5496,197
4401,5754,146
4415,4595,262
4417,5399,165
4422,6395,105
4444,9931,214
4460,4976,21
4464,4577,35
4465,4911,208
4471,4998,241
4500,5597,226
4510,5897,70
4521,4973,181
4552,7618,56
4564,5732,77
4572,4754,139
4612,4679,199
4615,6678,82
4651,4727,171
4658,6550,230
4659,8370,131
4692,4974,163
4715,5304,16
4745,5635,72
4755,5250,238
4760,5772,201
4782,5920,254
4785,5542,173
4797,4912,140
4803,4834,14
4810,5073,217
4839,5041,75
4845,5082,145
4847,7067,187
4849,6518,5
4850,5306,104
4871,6623,30
4885,5368,166
4904,6111,210
4907,5044,52
4926,5877,257
4940,5291,230
4954,5651,124
4978,6610,212
4994,5181,199
4997,5375,30
5006,9072,216
5015,5384,64
5068,5951,148
5089,5580,144
5092,6246,263
5097,5637,36
5102,8313,93
5118,5226,66
5129,6547,109
5150,5578,118
5182,5656,229
5184,8011,178
5192,6317,9
5209,5376,141
5223,5845,69
5235,5317,138
5237,5499,95
5277,5325,3
5293,6026,2
5299,5984,115
5314,7248,46
5315,6782,65
5345,5861,127
5354,5646,209
5358,5375,203
5365,7242,75
5409,5829,22
5412,6948,150
5420,6140,237
5427,5738,119
5442,8678,148
5445,6135,240
5475,6139,243
5485,7311,90
5499,5515,115
5509,5670,162
5521,7529,84
5523,8780,244
5527,5597,58
5530,5844,20
5535,5845,203
5536,6710,182
5538,6262,222
5583,6805,78
5585,5844,114
5586,6301,120
5610,6807,33
5614,5912,157
5642,6231,42
5744,5886,15
5771,6600,143
5774,5834,176
5775,6258,255
5799,7149,213
5813,7672,79
5835,6030,38
5837,6062,244
5838,6056,41
5852,6477,166
5871,6855,236
5875,6055,191
5878,6731,88
5880,6154,185
5902,7226,65
5908,7635,154
5927,6598,147
5947,6428,38
5949,7633,97
5963,6203,153
5965,6394,115
5982,6663,230
5984,7479,19
5996,7187,172
6003,7641,172
6010,7170,183
6017,7993,30
6023,6280,172
6030,8958,79
6044,6666,87
6054,6452,259
6076,6673,30
6123,6360,153
6127,9785,116
6153,6408,84
6182,8845,261
6184,6240,26
6198,7058,200
6229,6341,191
6251,7041,242
6319,7431,120
6321,7003,71
6324,6348,158
6334,6560,103
6355,6968,28
6361,6931,57
6366,6382,144
6391,7521,5
6429,7242,146
6479,10284,119
6498,7317,229
6499,6613,203
6550,6897,222
6564,6885,57
6579,6890,241
6605,9276,112
6637,7537,69
6672,8203,48
6675,9603,51
6689,7596,225
6717,7812,235
6755,7187,104
6760,7107,170
6769,7132,170
6786,7069,199
6801,7521,261
6820,9816,12
6821,6923,27
6858,8379,185
6861,6918,73
6938,8317,213
6946,8660,56
6958,11175,236
6960,8775,39
7040,10526,83
7064,7088,9
7071,7569,16
7080,7686,168
7119,7643,145
7126,7969,154
7153,7271,79
7169,7366,234
7179,7579,71
7202,7910,242
7218,9798,127
7238,8523,167
7239,8306,70
7263,7571,2
7289,7861,48
7296,7494,44
7299,8981,179
7304,7777,158
7357,7598,39
7372,7386,37
7388,8223,235
7393,8169,104
7396,8033,28
7407,8196,249
7412,8091,169
7413,7625,17
7418,7750,165
7421,8221,84
7427,8194,109
7433,10600,82
7440,8531,71
7442,9923,46
7446,7779,215
7469,8674,246
7493,7636,56
7496,7671,58
7519,8590,210
7535,8085,204
7536,7855,59
7547,8023,159
7631,7688,142
7662,8315,218
7693,7695,116
7695,9288,261
7741,7913,154
7753,8086,127
7786,8389,29
7833,8808,30
7834,13726,246
7851,8079,146
7864,8137,42
7865,8188,211
7911,8726,33
7952,8240,216
7958,9362,167
7968,7985,153
7989,14120,234
8044,8631,176
8069,8946,239
8087,9210,199
8125,9593,42
8155,8525,203
8162,9210,191
8170,10425,214
8177,9804,195
8184,8211,186
8192,10077,105
8198,8320,73
8200,8834,210
8211,9614,121
8224,9042,67
8241,9666,227
8242,8988,3
8262,8274,141
8263,8603,262
8264,8653,13
8278,8675,26
8289,8345,83
8349,8690,262
8353,9346,108
8368,9439,47
8385,8770,73
8433,8845,202
8489,8650,38
8490,9084,198
8501,9095,66
8508,10833,108
8575,9590,100
8583,10460,126
8609,8798,87
8611,8746,84
8613,10767,91
8615,9813,183
8643,9339,219
8702,9236,52
8781,12886,107
8818,9066,129
8829,10786,255
8831,10217,93
8867,10430,218
8885,9031,195
8929,9053,128
8956,11266,151
8967,9003,86
8994,10703,33
9004,9859,229
9021,9193,212
9024,10187,60
9034,13326,112
9051,9422,160
9052,9101,140
9062,9549,258
9068,10009,173
9080,9368,195
9098,10269,209
9106,11414,102
9112,9690,21
9141,9573,47
9142,9176,82
9144,9246,239
9179,13408,224
9202,9967,99
9204,10213,157
9219,9374,262
9231,10656,68
9245,9464,170
9254,9690,148
9260,12688,96
9263,12067,139
9273,10032,154
9382,10425,250
9413,10580,26
9417,9782,133
9425,9540,65
9443,9675,245
9445,9447,20
9472,10328,256
9484,9740,127
9497,10009,43
9529,10562,7
9555,10556,27
9579,9903,120
9618,12506,221
9623,11537,164
9624,9841,167
9640,11205,99
9657,14419,118
9662,9759,194
9676,11103,2
9710,10620,59
9718,10033,133
9727,12022,209
9747,9974,61
9756,10874,216
9767,11137,128
9784,9827,101
9807,11885,238
9808,10985,81
9814,10125,21
9850,12934,48
9889,10205,174
9913,10097,258
9915,10989,144
9916,10661,62
9917,10411,47
9931,12905,145
9936,14073,42
9937,10127,62
9952,9965,248
9962,9990,151
9977,10258,180
9982,10840,182
