0,39,168
5,109,173
20,626,248
22,485,84
39,873,254
55,1317,89
60,2576,13
67,390,39
89,2461,120
94,2419,118
132,418,81
155,500,118
161,411,259
180,261,238
188,339,99
189,270,168
191,1241,205
202,420,223
211,455,23
214,711,45
216,2017,20
229,335,33
261,420,28
278,1198,233
283,2372,213
304,327,184
322,503,256
341,1576,132
349,1580,261
408,1724,109
412,799,234
418,460,259
471,519,121
508,929,57
516,787,15
532,5724,226
544,546,232
545,836,197
595,1498,170
597,1201,208
629,1538,244
633,2433,35
667,1394,210
707,2590,30
729,4675,123
731,3560,237
772,981,209
776,6546,9
784,1805,110
818,943,216
820,1719,168
834,2215,151
851,998,31
853,3272,41
857,2808,115
887,930,181
892,3860,167
893,3879,260
918,4754,7
950,1088,81
979,3200,115
994,2350,12
1028,1689,77
1039,1379,101
1088,1324,132
1091,1549,160
1108,1639,170
1117,1737,66
1129,1531,99
1134,1467,182
1142,1494,69
1144,2163,237
1146,2275,216
1184,1614,115
1203,2752,6
1219,1513,92
1266,1584,25
1285,3867,8
1334,2396,231
1350,1611,25
1367,2837,195
1425,1700,260
1437,2893,16
1462,2354,141
1480,3057,150
1482,1916,167
1532,2164,128
1564,4706,37
1571,2149,144
1580,1779,200
1613,1816,106
1711,2361,51
1713,1943,69
1740,2040,93
1742,2270,43
1772,2407,255
1786,1802,117
1790,4466,247
1794,2623,263
1811,2492,140
1820,1986,220
1838,2039,170
1853,4455,44
1949,2773,181
1954,2555,99
2022,3040,80
2027,2833,169
2038,4586,28
2048,2232,20
2050,3451,54
2074,3047,209
2076,2965,0
2099,4229,131
2101,2274,151
2103,3203,141
2126,2702,59
2213,3109,224
2214,3183,105
2218,2458,206
2251,2747,169
2263,2954,199
2265,2441,166
2269,2341,237
2290,2717,72
2297,2407,66
2346,2660,249
2359,4293,0
2368,2782,225
2372,2395,161
2383,2685,51
2432,3837,165
2458,2502,208
2460,3162,65
2519,3461,261
2587,3240,144
2615,2740,24
2629,2936,228
2688,3596,200
2699,3298,92
2747,6126,157
2775,2908,106
2800,4774,71
2854,5393,183
2889,3749,237
2891,3425,105
2903,4103,53
2985,3005,124
3022,3744,177
3043,3601,163
3047,3776,196
3106,4618,193
3123,3803,11
3145,3202,11
3146,5158,230
3219,4198,73
3220,3894,182
3300,3549,232
3304,3534,70
3311,6116,237
3338,3519,251
3378,3801,197
3400,4685,71
3512,3657,27
3522,5743,44
3544,3570,11
3573,4896,173
3617,4589,4
3618,4549,138
3634,7154,144
3656,4855,102
3680,3774,66
3703,4128,250
3722,5669,3
3728,5206,259
3762,7753,155
3774,5910,45
3791,3864,115
3799,4255,3
3801,3854,154
3819,5694,7
3879,3980,60
3896,4278,64
3915,4168,230
3968,4063,151
3979,5174,236
3991,7133,210
3994,4557,142
4015,5063,186
4021,5699,121
4065,4563,47
4081,4557,182
4166,4377,129
4185,5109,198
4190,7694,74
4213,5157,104
4224,4459,213
4232,10432,100
4267,6820,257
4270,4547,253
4282,4582,253
4291,4390,188
4295,7269,22
4300,5200,235
4327,6366,151
4336,5564,209
4361,4414,115
4376,7676,64
4408,4532,79
4424,5988,61
4429,4938,28
4455,4592,189
4553,5003,242
4600,5216,194
4619,5355,40
4665,7006,253
4708,4890,89
4734,5046,210
4764,6274,55
4777,5398,135
4798,6070,149
4801,5035,140
4855,5096,42
4857,5748,124
4866,5520,198
4907,7435,169
4913,7569,160
4954,5155,147
4955,7395,87
4970,5143,111
4971,6481,219
4982,5094,63
5020,5077,177
5058,6156,213
5060,5533,24
5061,5350,247
5064,5545,209
5074,5474,181
5131,6108,139
5161,6687,84
5166,5486,61
5174,6973,237
5179,7271,0
5233,5893,87
5258,6357,174
5263,6616,22
5280,5460,85
5282,6264,62
5288,7261,259
5314,10801,29
5334,5850,95
5339,5452,126
5340,5786,190
5348,5875,76
5383,6480,69
5395,6782,55
5408,5860,155
5445,8511,2
5460,6628,185
5469,5651,71
5517,5584,80
5520,7583,252
5563,5639,215
5571,7463,110
5572,9283,30
5612,5894,35
5640,6229,262
5676,6566,210
5688,6183,0
5694,6706,227
5720,6858,194
5724,6481,241
5738,5853,23
5745,5776,245
5753,6016,94
5788,5990,193
5795,6032,78
5798,8018,193
5800,7469,103
5801,6257,64
5827,7579,221
5844,6327,257
5867,7074,181
5870,6007,193
5893,6844,78
5909,6260,123
5926,6623,172
5954,7586,98
5973,6160,171
5977,6355,102
5988,10054,82
5998,6367,69
6061,6944,168
6086,6577,227
6090,7244,103
6096,6636,209
6102,9313,197
6121,6229,12
6135,7553,206
6160,6588,252
6199,6673,196
6201,9028,95
6211,7336,262
6232,6399,193
6249,6871,117
6263,6345,262
6266,6528,12
6314,6362,3
6333,7066,103
6340,7025,262
6358,8292,160
6359,7826,3
6395,6911,116
6406,6698,160
6410,6427,263
6418,8295,7
6471,6891,95
6475,8011,128
6484,7204,85
6492,6803,119
6510,9746,37
6513,7203,231
6549,7213,251
6561,8387,22
6578,6594,7
6589,6750,32
6603,8611,51
6606,9863,40
6611,6681,84
6614,6928,143
6620,6930,178
6622,7796,172
6624,7348,118
6678,7900,101
6681,6940,131
6682,7397,140
6711,7908,215
6715,7013,60
6749,7338,241
6871,7013,19
6903,7732,216
6907,6967,96
6908,7391,213
6936,8286,151
6952,8811,133
6979,7174,156
6981,7206,52
6982,7200,6
6999,7624,139
7021,8005,163
7026,7206,48
7030,7883,49
7033,7307,219
7060,8384,144
7067,8794,2
7090,7761,171
7113,7594,230
7116,8800,223
7132,7372,155
7135,7564,128
7155,7836,93
7158,8653,108
7173,8364,230
7181,8819,110
7190,8350,131
7199,9175,206
7206,7463,220
7214,10142,240
7231,7853,76
7243,7641,123
7270,7867,166
7326,7563,207
7331,10989,178
7362,7617,205
7397,10060,145
7399,7455,99
7416,8276,17
7453,7565,256
7479,8269,5
7561,8673,113
7563,8245,247
7566,7590,152
7577,7803,22
7602,8215,246
7610,8180,164
7616,7632,243
7646,8776,148
7691,8504,104
7751,11556,126
7773,8592,147
7774,7888,65
7835,8182,91
7852,8173,32
7869,8180,137
7901,10572,18
7939,8839,221
7981,9512,109
7984,10912,87
8000,8907,118
8033,9128,161
8079,8511,200
8085,8432,20
8096,8459,157
8116,8399,199
8134,8854,143
8157,11153,99
8158,8260,104
8202,9723,211
8205,8262,199
8297,9676,233
8306,10020,175
8320,12537,112
8322,10137,186
8418,11904,95
8446,8470,248
8454,8952,140
8465,9071,33
8511,9035,169
8519,9362,192
8551,8669,0
8570,8767,220
8582,8982,93
8610,9318,41
8629,11209,220
8653,9938,17
8654,9721,167
8683,8991,54
8714,9286,32
8722,8920,197
8725,10407,146
8731,9204,262
8795,9036,165
8813,8827,105
8832,9667,214
8838,9614,21
8842,9479,35
8855,9644,208
8861,9540,241
8862,9074,226
8868,9200,70
8871,9671,181
8878,9645,56
8885,12052,77
8893,9984,139
8895,11376,199
8900,9233,82
8927,10132,171
8956,9099,230
8959,9134,131
8986,10057,163
9005,9555,16
9006,9325,72
9020,9496,238
9121,9178,201
9158,9811,254
9195,9197,173
9197,10790,140
9252,9424,14
9267,9600,217
9306,9909,75
9363,10338,145
9364,15256,187
9385,9613,5
9400,9673,104
9401,9724,30
9456,10271,166
9505,9793,210
9512,10916,52
9524,9541,257
9549,15680,230
9615,10202,124
9645,10522,212
9667,10790,199
9713,11181,30
9748,10118,216
9756,10804,64
9766,12021,148
9775,11402,144
9783,9810,263
9793,11678,36
9800,9922,93
9802,10436,66
9815,11218,109
9830,10648,118
9850,11275,229
9851,10597,178
9874,9886,9
9876,10216,141
9878,10267,69
9894,10291,138
9907,9963,95
9979,10320,3
9983,10976,2
