0,39,153
3,107,116
12,618,84
14,477,261
25,859,26
35,1297,200
38,2554,191
43,366,242
57,2429,120
60,2385,71
84,370,158
99,444,103
103,353,28
115,196,57
120,271,144
121,202,5
123,1173,146
130,348,119
136,380,229
138,635,203
140,1941,222
148,254,57
168,327,241
179,1099,112
182,2271,69
195,218,48
206,387,51
218,1453,225
223,1454,235
260,1576,104
263,650,170
267,309,170
300,348,199
323,744,261
328,599,12
338,5530,27
345,347,185
346,637,73
377,1280,213
378,982,56
398,1307,236
401,2201,39
423,1150,83
448,2331,9
462,4408,16
463,3292,168
489,698,145
492,6262,154
497,1518,79
518,643,234
520,1419,71
529,1910,242
540,687,127
541,2960,167
543,2494,70
562,605,2
565,3533,48
566,3552,44
582,4418,179
602,740,158
620,2841,39
629,1985,37
650,1311,235
657,997,104
688,924,28
690,1148,249
701,1232,169
707,1327,17
715,1117,165
718,1051,84
723,1075,109
725,1744,82
726,1855,71
750,1180,46
762,2311,215
772,1066,246
801,1119,56
813,3395,58
844,1906,210
854,1115,204
865,2335,59
901,1176,159
909,2365,142
925,1817,218
936,2513,116
937,1371,261
968,1600,154
988,4130,127
993,1571,29
999,1198,30
1020,1223,246
1082,1732,146
1084,1314,42
1101,1401,211
1102,1630,33
1121,1756,216
1130,1146,167
1133,3809,153
1136,1965,234
1147,1828,176
1153,1319,239
1165,1366,199
1175,3777,42
1235,2059,203
1238,1839,191
1281,2299,214
1284,2090,195
1291,3839,186
1298,1482,105
1299,2700,73
1314,2287,210
1315,2204,121
1330,3460,67
1332,1505,227
1333,2433,3
1348,1924,141
1403,2299,262
1404,2373,13
1406,1646,26
1427,1923,83
1435,2126,262
1437,1613,108
1440,1512,47
1453,1880,73
1457,1567,202
1488,1802,38
1497,3431,198
1503,1917,66
1506,1529,108
1513,1815,100
1544,2949,126
1561,1605,87
1563,2265,84
1600,2542,91
1643,2296,183
1661,1786,219
1670,1977,52
1707,2615,107
1714,2313,129
1744,5123,255
1762,1895,93
1778,3752,218
1812,4351,195
1834,2694,128
1835,2369,151
1842,3042,86
1894,1914,33
1918,2640,229
1931,2489,212
1934,2663,60
1971,3483,112
1982,2662,160
1996,2053,140
1997,4009,258
2043,3022,173
2044,2718,195
2094,2343,209
2097,2327,102
2102,4907,21
2119,2300,47
2144,2567,82
2158,3443,239
2228,2373,224
2235,4456,99
2249,2275,157
2267,3590,262
2295,3267,68
2296,3227,170
2306,5826,148
2320,3519,96
2335,2429,139
2350,2775,154
2362,4309,250
2366,3844,26
2387,6378,133
2395,4531,65
2406,2479,245
2411,2867,20
2412,2465,256
2423,4298,127
2461,2562,43
2472,2854,7
2484,2737,27
2518,2613,120
2525,3720,221
2533,5675,164
2535,3098,167
2548,3596,99
2552,4230,118
2580,3078,194
2590,3066,2
2643,2854,59
2655,3579,133
2658,6162,209
2672,3616,61
2679,2914,216
2684,8884,128
2706,5259,101
2708,2985,238
2716,3016,81
2722,2821,21
2725,5699,48
2728,3628,174
2745,4784,258
2751,3979,144
2767,2820,62
2777,6077,47
2797,2921,145
2807,4371,42
2810,3319,62
2826,2963,248
2888,3338,151
2918,3534,180
2930,3666,182
2959,5300,193
2986,3168,187
3002,3314,11
3021,4531,246
3029,3650,256
3042,4314,154
3044,3278,216
3078,3319,148
3079,3970,46
3085,3739,24
3111,5639,255
3115,5771,142
3141,3342,227
3142,5582,86
3151,3324,18
3152,4662,55
3159,3271,256
3183,3240,154
3207,4305,2
3208,3681,60
3209,3498,193
3211,3692,103
3218,3618,37
3254,4231,190
3273,4799,50
3276,3596,212
3281,5080,140
3284,5376,82
3318,3978,192
3334,4433,44
3337,4690,20
3348,3528,108
3350,4332,196
3354,5327,118
3371,8858,122
3383,3899,40
3386,3499,239
3387,3833,218
3392,3919,55
3414,4511,104
3422,4809,34
3431,3883,71
3454,6520,207
3463,4631,205
3469,3651,225
3499,3566,103
3501,5564,96
3528,3604,170
3533,5425,113
3534,7245,255
3559,3841,10
3577,4166,14
3600,4490,27
3608,4103,214
3612,4624,234
3629,4767,227
3632,4389,180
3641,3756,99
3645,3676,230
3650,3913,91
3672,3874,136
3677,3914,17
3679,5899,100
3681,5350,153
3682,4138,67
3698,5450,39
3709,4192,21
3723,4930,103
3725,3862,14
3739,4690,188
3749,4100,28
3760,4457,103
3778,5410,75
3790,3977,42
3793,4171,201
3800,7866,72
3807,4176,92
3847,4730,36
3863,4354,159
3865,5019,74
3869,4409,29
3873,7084,204
3885,3993,159
3894,5312,94
3910,4338,153
3934,4408,224
3936,6763,14
3942,5067,88
3955,4122,140
3966,4588,101
3975,4057,182
3977,4239,214
4007,4055,114
4019,4752,77
4024,4709,53
4035,5969,143
4036,5503,81
4059,4575,29
4066,4358,45
4069,4086,212
4074,5951,77
4107,4527,185
4109,5645,30
4115,4835,258
4120,4431,26
4131,7367,161
4133,4823,220
4156,4820,141
4164,5990,82
4175,4191,159
4182,4343,63
4191,6199,68
4193,7450,2
4196,4266,69
4198,4512,164
4202,4512,154
4203,5377,170
4204,4928,54
4238,5460,105
4240,4499,69
4241,4956,113
4259,5456,210
4262,4560,63
4283,4872,207
4359,4501,200
4379,5208,70
4382,4442,212
4383,4866,197
4401,5751,59
4411,6270,150
4428,4623,74
4429,4654,218
4430,4648,190
4441,5066,108
4455,5439,167
4458,4638,221
4461,5314,125
4463,4737,263
4480,5804,220
4484,6211,230
4499,5170,51
4514,4995,124
4516,6200,20
4526,4766,246
4528,4957,91
4541,5222,193
4543,6038,58
4552,5743,144
4557,6195,257
4563,5723,55
4569,6545,232
4573,4830,235
4578,7506,184
4589,5211,194
4597,4995,111
4614,5211,163
4649,4886,238
4652,8310,198
4671,4926,158
4693,7356,116
4695,4751,115
4706,5566,85
4729,4841,47
4746,5536,14
4797,5909,9
4798,5480,189
4800,4824,174
4807,5033,95
4823,5436,220
4828,5398,68
4832,4848,9
4851,5981,107
4880,5693,85
4918,8723,77
4932,5751,229
4933,5047,182
4971,5318,124
4982,5303,103
4993,5304,62
5013,7684,45
5037,5937,225
5063,6594,235
5065,7993,63
5075,5982,64
5096,6191,130
5125,5557,86
5129,5476,261
5136,5499,190
5149,5432,145
5161,5881,140
5175,8171,101
5176,5278,164
5204,6725,43
5206,5263,119
5264,6643,245
5270,6984,129
5279,9496,59
5280,7095,84
5340,8826,184
5358,5382,173
5363,5861,200
5370,5976,112
5399,5923,213
5404,6247,19
5424,5542,105
5436,5633,81
5444,5844,43
5461,6169,215
5473,8053,105
5488,6773,117
5489,6556,217
5507,5815,3
5526,6098,244
5531,5729,189
5533,7215,31
5537,6010,257
5577,5818,5
5588,5602,216
5600,6435,79
5604,6380,78
5607,6244,3
5616,6405,49
5620,6299,4
5621,5833,85
5625,5957,186
5627,6427,87
5631,6398,256
5636,8803,170
5641,6732,165
5643,8124,152
5646,5979,81
5663,6868,165
5681,5824,178
5683,5858,217
5700,6771,163
5712,6262,244
5713,6032,150
5722,6198,56
5785,5842,71
5808,6461,62
5832,5834,207
5834,7427,254
5869,6041,213
5878,6211,163
5903,6506,98
5939,6914,118
5940,11832,242
5953,6181,96
5963,6236,124
5964,6287,29
5998,6813,81
6029,6317,196
6033,7437,24
6040,6057,61
6056,12187,146
6097,6684,122
6116,6993,69
6130,7253,124
6159,7627,234
6181,6551,151
6186,7234,183
6192,8447,37
6198,7825,241
6203,6230,166
6209,8094,211
6214,6336,9
6216,6850,168
6224,7627,236
6234,7052,8
6247,7672,241
6248,6994,212
6263,6275,218
6264,6604,242
6265,6654,221
6275,6672,18
6283,6339,191
6328,6669,133
6331,7324,262
6343,7414,66
6356,6741,148
6392,6804,215
6434,6595,200
6435,7029,121
6443,7037,12
6448,8773,91
6498,7513,212
6504,8381,229
6523,6712,93
6525,6660,7
6526,8680,163
6528,7726,20
6549,7245,2
6594,7128,116
6653,10758,61
6681,6929,248
6689,8646,95
6690,8076,218
6717,8280,129
6730,6876,31
6763,6887,254
6783,9093,213
6791,6827,48
6811,8520,57
6818,7673,157
6831,7003,41
6833,7996,247
6841,11133,183
6854,7225,24
6855,6904,1
6863,7350,168
6868,7809,33
6877,7165,220
6891,8062,248
6897,9205,202
6901,7479,158
6923,7355,229
6924,6958,88
6926,7028,163
6953,11182,221
6970,7735,76
6971,7980,257
6982,7137,225
6991,8416,76
7001,7220,202
7008,7444,45
7012,10440,97
7015,9819,74
7023,7782,110
7105,8148,193
7128,8295,6
7131,7496,20
7137,7252,47
7150,7382,164
7151,7153,228
7171,8027,22
7180,7436,248
7190,7702,251
7214,8247,201
7234,8235,221
7252,7576,204
7281,10169,237
7285,9199,255
7286,7503,190
7298,8863,5
7311,12073,94
7315,7412,66
7325,8752,134
7350,8260,237
7356,7671,141
7363,9658,236
7378,7605,228
7385,8503,11
7393,8763,27
7406,7449,43
7423,9501,128
7424,8601,9
7429,7740,135
7456,10540,46
7485,7801,185
7503,7687,222
7505,8579,241
7506,8251,137
7507,8001,74
7517,10491,172
7521,11658,60
7522,7712,207
7534,7547,177
7542,7570,197
7553,7834,42
7557,8415,49
7583,9176,40
7612,8838,70
7622,7820,130
7630,8307,109
7645,7977,62
7663,9323,167
7670,11450,260
7676,10924,162
7717,7807,175
7733,8583,173
7761,8339,107
7781,8140,152
7785,7902,209
7789,10293,143
7805,7971,152
7822,8235,257
7863,8098,165
7884,8724,49
7894,8068,47
7904,9291,179
7912,8853,52
7925,8330,86
7936,9727,89
7943,9056,85
7947,8044,250
7968,9547,221
8003,8755,230
8018,8282,121
8023,8025,73
8052,9131,121
8058,8452,75
8060,12160,148
8064,8516,95
8066,9350,28
8075,8382,211
8080,8974,195
8083,9295,36
8084,8450,17
8088,9787,188
8128,8251,250
8135,13318,114
8137,8140,262
8157,9490,25
8182,8275,64
8214,8657,221
8248,8601,45
8265,8761,190
8282,10106,38
8286,9450,33
8334,8686,23
8351,9415,24
8359,9405,161
8365,8741,44
8372,9388,129
8376,8872,187
8401,9776,219
8421,9947,147
8422,9793,15
8462,13612,8
8468,9060,103
8485,8532,126
8548,9048,105
8549,9482,178
8618,9203,262
8619,15437,121
8631,9083,172
8632,9022,197
8641,8793,255
8649,11701,46
8676,8705,196
8678,8896,216
8680,9068,43
8683,9807,234
8693,9287,71
8707,9394,206
8714,10408,111
8724,11207,241
8728,10453,17
8729,10377,222
8735,9438,73
8746,8968,121
8758,9507,26
8759,8961,243
8772,10564,62
8775,8787,50
8785,10846,149
8799,9691,155
8823,9263,21
8832,10902,238
8839,9526,189
8846,10649,198
8865,9205,31
8896,9894,108
8904,10037,116
8924,9726,203
8943,9011,12
8949,8972,55
8994,11765,256
9002,9093,5
9013,9986,110
9047,9873,226
9080,9734,20
9087,9373,197
9098,9230,122
9104,9178,261
9114,9649,126
9137,9731,5
9143,10573,250
9155,10064,202
9157,9939,63
9175,9679,234
9181,10588,47
9202,10298,168
9229,10451,249
9236,12070,250
9242,9380,44
9252,10555,57
9265,11073,189
9266,9436,262
9272,9342,2
9295,9525,84
9308,10691,61
9310,14532,177
9321,9833,209
9334,9420,222
9356,10920,5
9358,11297,38
9389,10549,90
9393,9740,93
9396,10800,167
9406,10451,60
9411,10098,25
9437,9501,207
9450,11804,106
9455,12812,94
9474,10231,262
9488,11236,160
9489,10287,111
9494,9517,186
9510,9632,131
9517,11108,181
9530,13188,54
9533,10169,151
9559,10976,222
9580,11303,131
9582,10411,182
9586,15764,210
9596,10032,204
9598,10132,22
9602,11652,81
9610,9646,110
9625,9930,219
9635,10082,3
9645,9655,78
9646,9838,71
9654,10311,255
9658,11124,221
9678,9769,154
9683,11977,74
9694,10523,173
9702,12242,224
9733,10307,186
9739,10125,101
9751,10001,60
9784,11261,20
9785,11639,263
9800,10368,51
9805,9939,189
9813,9989,170
9825,10610,216
9826,13273,136
9840,10198,256
9861,12476,171
9863,10858,159
9866,11155,206
9895,11103,133
9901,10778,11
9905,10065,251
9916,10783,181
9922,11972,120
9930,10986,253
9931,11124,114
9945,11003,126
9947,10348,155
9952,10074,258
