0,39,58
6,110,92
24,630,106
27,490,77
48,882,164
68,1330,80
74,2590,154
83,406,64
110,2482,176
116,2441,135
164,450,1
193,538,250
200,450,233
223,304,25
233,384,31
234,315,206
237,1287,261
250,468,14
261,505,91
265,762,197
268,2069,129
284,390,216
324,483,19
345,1265,260
351,2440,261
377,400,221
399,580,198
423,1658,255
432,1663,84
505,1821,6
510,897,107
518,560,103
584,632,237
630,1051,119
640,911,82
659,5851,107
673,675,209
674,965,150
736,1639,161
738,1342,29
778,1687,114
783,2583,47
826,1553,195
876,2759,86
904,4850,157
906,3735,133
957,1166,181
962,6732,243
971,1992,12
1013,1138,190
1016,1915,200
1033,2414,173
1054,1201,205
1056,3475,69
1060,3011,82
1097,1140,114
1103,4071,36
1104,4090,47
1135,4971,61
1175,1313,214
1211,3432,252
1229,2585,99
1271,1932,153
1285,1625,56
1347,1583,160
1351,1809,3
1372,1903,59
1383,2003,149
1398,1800,39
1404,1737,142
1414,1766,126
1417,2436,124
1419,2548,66
1467,1897,144
1491,3040,7
1511,1805,130
1569,1887,60
1593,4175,50
1654,2716,36
1674,1935,74
1696,3166,69
1768,2043,145
1783,3239,76
1814,2706,141
1836,3413,82
1838,2272,252
1900,2532,23
1940,5082,175
1949,2527,50
1960,2159,241
2001,2204,195
2124,2774,74
2127,2357,199
2160,2460,184
2162,2690,33
2199,2834,35
2217,2233,193
2222,4898,42
2227,3056,159
2249,2930,173
2260,2426,11
2283,2484,111
2302,4904,127
2421,3245,71
2427,3028,262
2512,3530,99
2518,3324,221
2532,5080,14
2545,2729,222
2547,3948,126
2576,3549,22
2578,3467,0
2607,4737,246
2610,2783,210
2612,3712,134
2641,3217,41
2750,3646,225
2751,3720,74
2755,2995,248
2796,3292,119
2811,3502,7
2814,2990,164
2819,2891,168
2845,3272,263
2853,2963,137
2914,3228,53
2931,4865,8
2942,3356,62
2947,2970,246
2961,3263,72
3022,4427,241
3055,3099,147
3058,3760,69
3131,4073,65
3216,3869,112
3251,3376,199
3269,3576,186
3343,4251,4
3356,3955,253
3416,6795,263
3451,3584,203
3482,5456,117
3550,6089,174
3594,4454,154
3596,4130,236
3610,4810,178
3713,3733,217
3760,4482,203
3786,4344,82
3791,4520,81
3865,5377,97
3886,4566,171
3914,3971,88
3915,5927,236
4006,4985,85
4007,4681,212
4106,4355,99
4111,4341,6
4120,6925,74
4153,4334,223
4203,4626,24
4230,5515,30
4370,4515,123
4383,6604,123
4410,4436,136
4446,5769,199
4501,5473,164
4503,5434,147
4522,8042,6
4550,5749,200
4580,4674,180
4609,5034,138
4633,6580,14
4640,6118,3
4682,8673,13
4697,6833,75
4719,4792,145
4729,5185,85
4731,4784,124
4753,6628,86
4828,4929,256
4849,5231,14
4872,5125,43
4939,5034,76
4953,6148,156
4968,8110,166
4972,5535,168
4998,6046,173
5005,6683,248
5060,5558,84
5079,5555,254
5185,5396,89
5209,6133,13
5215,8719,39
5243,6187,120
5257,5492,118
5267,11467,81
5311,7864,118
5314,5591,259
5329,5629,238
5340,5439,99
5345,8319,168
5351,6251,205
5385,7424,223
5396,6624,23
5428,5481,45
5447,8747,20
5487,5611,33
5507,7071,28
5513,6022,233
5545,5682,213
5668,6118,184
5727,6343,256
5751,6487,132
5808,8149,261
5861,6043,109
5893,6205,234
5930,7440,259
5946,6567,121
5972,7244,57
5975,6209,15
6042,6283,226
6044,6935,232
6056,6710,197
6107,8635,170
6115,8771,208
6166,6367,244
6167,8607,35
6185,6358,210
6186,7696,30
6200,6312,123
6247,6304,237
6294,7392,209
6296,6769,9
6297,6586,110
6301,6782,216
6314,6714,168
6385,7362,151
6422,7948,31
6428,6748,41
6438,8237,115
6444,8536,181
6512,7172,167
6544,7643,260
6550,7903,7
6571,6751,81
6574,7556,115
6581,8554,12
6614,12101,77
6638,7154,101
6644,6757,132
6646,7092,160
6655,7182,170
6698,7795,66
6713,8100,99
6730,7182,182
6776,9842,69
6794,7962,237
6806,6988,216
6866,6933,115
6870,8933,6
6924,7000,92
6934,8826,25
6935,10646,8
6985,7267,231
7020,7609,25
7065,7955,195
7080,7575,260
7087,8099,16
7120,8258,141
7125,7882,150
7143,7258,167
7151,7182,128
7161,7424,37
7204,7406,144
7213,7450,200
7216,9436,106
7219,8888,51
7220,7676,69
7252,9004,93
7273,7756,43
7301,8508,255
7305,7442,117
7333,8284,247
7353,7704,263
7374,8071,140
7409,9041,220
7433,7620,170
7438,7816,44
7451,11517,181
7464,7833,99
7543,8426,80
7574,8065,169
7578,8732,28
7585,8125,20
7593,10804,54
7617,7725,209
7634,9052,0
7665,8093,131
7713,8187,151
7716,10543,141
7728,8853,59
7754,7921,224
7775,8397,105
7792,7874,206
7795,8057,169
7855,7903,199
7878,8611,166
7887,8572,237
7909,9843,72
7911,9378,66
7956,8472,249
7969,8261,0
7974,7991,225
7984,9861,161
8050,8470,51
8054,9590,165
8066,8786,208
8076,8387,65
8098,11334,261
8102,8792,144
8147,8811,24
8162,9988,228
8183,8199,200
8197,8358,92
8215,10223,157
8218,11475,106
8224,8294,71
8228,8542,183
8235,8545,237
8237,9411,105
8239,8963,53
8307,9529,124
8310,8569,177
8311,9026,163
8347,9544,196
8352,8650,193
8394,8983,11
8546,8688,11
8586,9415,230
8591,8651,73
8592,9075,182
8627,9977,232
8647,10506,70
8680,8875,237
8682,8907,251
8683,8901,197
8704,9329,71
8732,9716,27
8738,8918,44
8743,9596,11
8746,9020,173
8779,10103,4
8787,10514,138
8816,9487,144
8845,9326,102
8848,10532,66
8868,9108,250
8871,9300,3
8896,9577,259
8899,10394,155
8917,10108,45
8927,10565,115
8938,10098,3
8949,10925,154
8957,9214,7
8967,11895,60
8988,9610,64
9003,9401,230
9036,9633,151
9106,9343,236
9112,12770,210
9150,9405,142
9194,11857,186
9197,9253,121
9218,10078,47
9264,9376,182
9297,10087,129
9399,10511,198
9401,10083,74
9405,9429,104
9419,9645,213
9450,10063,100
9459,10029,257
9466,9482,253
9504,10634,253
9561,10374,188
9636,13441,22
9664,10483,235
9665,9779,151
9741,10088,209
9762,10083,115
9784,10095,64
9823,12494,79
9870,10770,61
9922,11453,28
9926,12854,189
9946,10853,242
9987,11082,194
