0,39,223
4,108,155
15,621,128
17,480,93
29,863,108
41,1303,230
45,2561,110
50,373,131
66,2438,206
70,2395,220
97,383,240
114,459,76
118,368,123
131,212,166
137,288,207
138,219,178
140,1190,205
148,366,145
154,398,99
156,653,17
158,1959,256
167,273,5
190,349,113
202,1122,247
205,2294,152
220,243,22
233,414,246
247,1482,164
253,1484,243
295,1611,148
298,685,104
303,345,126
341,389,147
367,788,65
373,644,91
384,5576,32
392,394,137
393,684,18
429,1332,221
430,1034,109
453,1362,87
456,2256,118
481,1208,161
510,2393,200
526,4472,20
527,3356,157
556,765,199
559,6329,143
565,1586,99
589,714,104
591,1490,211
601,1982,199
613,760,233
614,3033,175
617,2568,112
638,681,186
642,3610,95
643,3629,248
661,4497,140
684,822,33
705,2926,169
716,2072,192
740,1401,0
748,1088,220
783,1019,93
786,1244,41
798,1329,220
804,1424,17
813,1215,167
817,1150,54
823,1175,32
825,1844,197
827,1956,146
855,1285,262
869,2418,165
881,1175,105
914,1232,214
928,3510,21
963,2025,35
975,1236,208
988,2458,241
1029,1304,226
1038,2494,70
1056,1948,181
1069,2646,56
1070,1504,77
1106,1738,139
1129,4271,199
1134,1712,82
1140,1339,171
1164,1367,230
1234,1884,131
1236,1466,163
1255,1555,16
1256,1784,72
1277,1912,238
1287,1303,201
1290,3966,254
1293,2122,173
1306,1987,140
1312,1478,14
1325,1526,217
1336,3938,75
1404,2228,145
1408,2009,187
1457,2475,5
1460,2266,104
1468,4016,30
1475,1659,166
1477,2878,210
1494,2467,52
1496,2385,257
1513,3643,230
1515,1688,124
1517,2617,212
1534,2110,199
1596,2492,30
1597,2566,216
1600,1840,64
1623,2119,148
1632,2323,144
1634,1810,263
1637,1709,36
1652,2079,93
1657,1767,66
1692,2006,109
1702,3636,118
1708,2122,229
1711,1734,178
1719,2021,9
1754,3159,141
1773,1817,69
1775,2477,138
1817,2759,95
1866,2519,3
1886,2011,2
1896,2203,115
1938,2846,46
1946,2545,65
1980,5359,127
2000,2133,209
2018,3992,203
2057,4596,75
2082,2942,22
2084,2618,150
2092,3292,237
2151,2171,119
2178,2900,148
2193,2751,240
2196,2925,243
2238,3750,90
2250,2930,115
2266,2323,162
2267,4279,84
2319,3298,244
2320,2994,58
2377,2626,20
2380,2610,203
2385,5190,182
2404,2585,222
2433,2856,78
2449,3734,114
2529,2674,120
2537,4758,33
2553,2579,157
2574,3897,42
2605,3577,15
2606,3537,143
2617,6137,176
2633,3832,255
2650,2744,213
2667,3092,79
2681,4628,38
2685,4163,244
2709,6700,41
2718,4854,166
2731,2804,236
2737,3193,191
2738,2791,88
2751,4626,185
2794,2895,65
2806,3188,154
2820,3073,147
2858,2953,38
2866,4061,97
2875,6017,153
2878,3441,115
2893,3941,230
2897,4575,19
2929,3427,172
2940,3416,172
3001,3212,183
3015,3939,30
3019,6523,172
3035,3979,79
3043,3278,87
3049,9249,259
3074,5627,30
3076,3353,153
3085,3385,116
3092,3191,84
3095,6069,261
3098,3998,26
3117,5156,200
3123,4351,191
3141,3194,242
3152,6452,120
3175,3299,71
3186,4750,158
3189,3698,103
3208,3345,28
3278,3728,57
3312,3928,144
3326,4062,5
3359,5700,146
3390,3572,119
3409,3721,229
3431,4941,203
3440,4061,222
3455,4727,57
3457,3691,241
3495,3736,112
3496,4387,69
3503,4157,48
3532,6060,51
3537,6193,225
3566,3767,235
3567,6007,104
3578,3751,170
3579,5089,170
3587,3699,199
3614,3671,261
3641,4739,12
3642,4115,27
3643,3932,185
3646,4127,73
3654,4054,213
3695,4672,56
3716,5242,236
3720,4040,39
3726,5525,83
3729,5821,9
3768,4428,16
3786,4885,168
3790,5143,145
3802,3982,154
3804,4786,79
3808,5781,234
3827,9314,71
3841,4357,242
3844,3957,127
3845,4291,167
3851,4378,70
3876,4973,2
3885,5272,48
3895,4347,44
3921,6987,179
3932,5100,158
3939,4121,39
3974,4041,37
3977,6040,235
4008,4084,104
4014,5906,28
4015,7726,249
4044,4326,169
4064,4653,17
4090,4980,165
4099,4594,84
4103,5115,109
4122,5260,82
4125,4882,71
4135,4250,46
4140,4171,215
4146,4409,246
4171,4373,56
4176,4413,58
4178,6398,210
4180,5849,204
4181,4637,59
4199,5951,159
4211,4694,142
4227,5434,218
4229,4366,116
4245,5196,261
4257,4608,154
4269,4966,127
4289,5921,29
4303,4490,30
4306,4684,246
4314,8380,146
4322,4691,42
4367,5250,211
4385,4876,33
4388,5542,216
4392,4932,167
4397,7608,153
4411,4519,234
4421,5839,176
4439,4867,239
4467,4941,199
4469,7296,42
4476,5601,203
4491,4658,191
4503,5125,214
4513,4595,195
4515,4777,186
4550,4598,105
4563,5296,73
4568,5253,210
4581,6515,121
4582,6049,67
4608,5124,227
4616,4908,3
4619,4636,141
4625,6502,262
4663,5083,13
4666,6202,26
4673,5393,83
4679,4990,262
4692,7928,108
4694,5384,47
4720,5384,73
4729,6555,202
4741,4757,38
4749,4910,198
4759,6767,66
4761,8018,108
4765,4835,100
4768,5082,126
4772,5082,87
4773,5947,84
4774,5498,91
4813,6035,183
4815,5074,219
4816,5531,52
4837,6034,107
4840,5138,129
4864,5453,255
4951,5093,93
4974,5803,218
4977,5037,195
4978,5461,128
4998,6348,151
5010,6869,86
5029,5224,33
5030,5255,229
5031,5249,212
5043,5668,60
5059,6043,112
5062,5242,160
5065,5918,140
5067,5341,258
5086,6410,173
5091,6818,195
5108,5779,209
5125,5606,102
5127,6811,21
5139,5379,47
5141,5570,82
5155,5836,239
5157,6652,224
5168,6359,99
5174,6812,157
5180,6340,262
5186,7162,68
5191,5448,170
5197,8125,148
5209,5831,96
5218,5616,139
5237,5834,154
5277,5514,250
5280,8938,26
5302,5557,133
5327,7990,65
5329,5385,245
5341,6201,20
5368,5480,256
5387,6177,127
5445,6557,43
5447,6129,7
5449,5473,27
5457,5683,120
5475,6088,221
5481,6051,164
5485,5501,167
5507,6637,99
5540,6353,118
5583,9388,194
5599,6418,2
5600,5714,59
5643,5990,133
5655,5976,209
5668,5979,61
5691,8362,216
5718,6618,128
5748,7279,101
5751,8679,238
5763,6670,81
5787,6882,21
5820,6252,48
5824,6171,174
5832,6195,258
5846,6129,144
5859,6579,62
5875,8871,47
5876,5978,145
5907,7428,42
5909,5966,62
5975,7354,248
5982,7696,151
5992,10209,180
5994,7809,182
6063,9549,193
6083,6107,187
6089,6587,11
6097,6703,246
6130,6654,256
6136,6979,154
6159,6277,216
6173,6370,148
6182,6582,46
6202,6910,24
6216,8796,255
6233,7518,142
6234,7301,227
6255,6563,86
6277,6849,18
6283,6481,55
6286,7968,256
6290,6763,154
6336,6577,2
6349,6363,60
6363,7198,193
6367,7143,103
6370,7007,37
6380,7169,190
6385,7064,50
6386,6598,212
6390,6722,140
6393,7193,82
6398,7165,192
6403,9570,44
6409,7500,20
6411,8892,108
6415,6748,196
6435,7640,118
6456,6599,122
6458,6633,40
6477,7548,239
6491,7041,218
6492,6811,55
6502,6978,104
6574,6631,34
6601,7254,71
6628,6630,207
6630,8223,205
6670,6842,225
6681,7014,103
6709,7312,96
6750,7725,170
6751,12643,113
6766,6994,255
6777,7050,10
6778,7101,14
6817,7632,27
6852,7140,214
6857,8261,234
6865,6882,227
6883,13014,180
6930,7517,99
6951,7828,230
6967,8090,91
7000,8468,136
7025,7395,17
7031,8079,100
7038,9293,153
7044,8671,67
7050,7077,39
7057,8942,21
7062,7184,103
7064,7698,14
7073,8476,188
7084,7902,28
7098,8523,103
7099,7845,75
7116,7128,42
7117,7457,201
7118,7507,72
7130,7527,92
7140,7196,36
7191,7532,159
7194,8187,74
7207,8278,29
7222,7607,204
7263,7675,159
7311,7472,94
7312,7906,153
7321,7915,224
7327,9652,14
7384,8399,88
7391,9268,140
7413,7602,101
7415,7550,182
7417,9571,214
7419,8617,114
7443,8139,77
7494,8028,53
7561,11666,143
7593,7841,81
7602,9559,29
7603,8989,45
7634,9197,212
7649,7795,77
7687,7811,185
7710,10020,30
7720,7756,258
7743,9452,26
7751,8606,161
7766,7938,220
7768,8931,141
7777,12069,82
7792,8163,159
7793,7842,63
7802,8289,68
7807,8748,2
7818,8106,69
7833,9004,164
7840,10148,154
7845,8423,170
7870,8302,54
7871,7905,105
7873,7975,69
7903,12132,113
7923,8688,210
7924,8933,63
7937,8092,207
7947,9372,200
7959,8178,70
7967,8403,212
7972,11400,197
7975,10779,59
7984,8743,150
8077,9120,74
8103,9270,218
8106,8471,190
8113,8228,108
8128,8360,167
8130,8132,221
8153,9009,125
8163,8419,263
8174,8686,220
8202,9235,230
8224,9225,51
8245,8569,124
8278,11166,20
8283,10197,246
8284,8501,91
8298,9863,193
8313,13075,58
8318,8415,144
8330,9757,257
8359,9269,55
8366,8681,232
8374,10669,235
8391,8618,184
8399,9517,194
8409,9779,111
8423,8466,163
8442,10520,238
8443,9620,198
8448,8759,158
8479,11563,116
8512,8828,115
8532,8716,85
8534,9608,47
8535,9280,14
8536,9030,9
8548,11522,189
8553,12690,174
8554,8744,95
8567,8580,220
8576,8604,68
8589,8870,9
8593,9451,107
8623,10216,85
8656,9882,77
8668,8866,229
8677,9354,182
8694,9026,124
8714,10374,103
8722,12502,62
8729,11977,45
8776,8866,225
8794,9644,235
8826,9404,63
8849,9208,64
8853,8970,130
8857,11361,86
8876,9042,261
8896,9309,190
8942,9177,145
8965,9805,140
8976,9150,101
8987,10374,164
8997,9938,43
9012,9417,119
9024,10815,245
9032,10145,129
9036,9133,59
9060,10639,84
9100,9852,184
9117,9381,173
9123,9125,200
9156,10235,112
9162,9556,213
9164,13264,19
9168,9620,105
9170,10454,81
9180,9487,43
9185,10079,215
9189,10401,105
9190,9556,117
9195,10894,217
9240,9363,3
9248,14431,244
9251,9254,189
9274,10607,31
9303,9396,257
9339,9782,5
9378,9731,216
9397,9893,79
9416,11240,78
9421,10585,3
9475,9827,49
9494,10558,4
9503,10549,85
9510,9886,186
9517,10533,87
9522,10018,256
9551,10926,170
9574,11100,165
9575,10946,152
9621,14771,81
9628,10220,165
9647,9694,178
9719,10219,217
9720,10653,163
9798,10383,244
9799,16617,150
9813,10265,56
9814,10204,71
9824,9976,62
9833,12885,207
9863,9892,254
9865,10083,213
9867,10255,163
9870,10994,98
9882,10476,118
9898,10585,242
9905,11599,96
9916,12399,124
9920,11645,29
9922,11570,81
9929,10632,196
9942,10164,24
9955,10704,61
9956,10158,146
9970,11762,122
9973,9985,69
9985,12046,124
