0,39,229
3,107,182
11,617,124
12,475,103
21,855,62
29,1291,45
32,2548,225
36,359,235
47,2419,63
50,2375,64
69,355,130
81,426,86
84,334,261
94,175,190
98,249,145
99,180,140
100,1150,101
106,324,164
111,355,43
113,610,119
114,1915,245
121,227,129
137,296,59
146,1066,84
149,2238,184
160,183,173
169,350,200
179,1414,112
183,1414,213
213,1529,19
215,602,105
218,260,81
245,293,43
264,685,215
268,539,105
276,5468,117
282,284,217
283,574,3
308,1211,244
309,913,189
325,1234,31
327,2127,257
344,1071,5
364,2247,216
375,4321,79
376,3205,78
397,606,3
399,6169,49
403,1424,4
420,545,85
421,1320,186
428,1809,87
437,584,256
438,2857,170
440,2391,165
455,498,152
458,3426,81
459,3445,165
472,4308,178
488,626,217
503,2724,163
511,1867,244
528,1189,150
534,874,56
559,795,71
561,1019,62
570,1101,207
575,1195,254
581,983,213
584,917,163
588,940,98
589,1608,118
590,1719,242
609,1039,96
619,2168,124
627,921,29
651,969,81
661,3243,196
686,1748,24
694,955,61
703,2173,146
732,1007,122
738,2194,69
751,1643,124
760,2337,234
761,1195,151
786,1418,183
802,3944,37
806,1384,241
811,1010,166
828,1031,211
877,1527,9
878,1108,168
892,1192,236
893,1421,8
908,1543,241
915,931,212
917,3593,218
919,1748,242
928,1609,221
933,1099,18
942,1143,191
950,3552,133
998,1822,262
1001,1602,66
1035,2053,148
1038,1844,215
1044,3592,200
1049,1233,121
1050,2451,12
1062,2035,91
1063,1952,212
1075,3205,229
1076,1249,93
1077,2177,7
1089,1665,163
1133,2029,20
1134,2103,2
1136,1376,116
1153,1649,61
1159,1850,248
1160,1336,95
1162,1234,218
1173,1600,129
1177,1287,31
1202,1516,254
1209,3143,213
1214,1628,48
1216,1239,57
1222,1524,157
1247,2652,41
1260,1304,247
1261,1963,183
1291,2233,24
1325,1978,1
1339,1464,168
1346,1653,33
1376,2284,220
1382,1981,248
1406,4785,202
1420,1553,158
1433,3407,229
1460,3999,88
1478,2338,163
1479,2013,221
1485,2685,76
1526,1546,257
1545,2267,225
1556,2114,76
1558,2287,202
1588,3100,45
1597,2277,97
1608,1665,74
1609,3621,110
1646,2625,193
1647,2321,6
1687,1936,20
1689,1919,47
1693,4498,164
1707,1888,228
1727,2150,22
1738,3023,248
1794,1939,251
1799,4020,201
1810,1836,221
1825,3148,204
1847,2819,237
1848,2779,255
1856,5376,190
1867,3066,5
1879,1973,94
1891,2316,66
1901,3848,134
1904,3382,237
1921,5912,141
1927,4063,236
1936,2009,228
1940,2396,11
1941,1994,27
1950,3825,43
1980,2081,128
1989,2371,9
1999,2252,135
2026,2121,46
2032,3227,185
2038,5180,222
2040,2603,241
2051,3099,137
2054,3732,74
2076,2574,172
2084,2560,60
2127,2338,207
2137,3061,177
2140,5644,197
2152,3096,42
2158,2393,49
2162,8362,40
2180,4733,70
2182,2459,130
2188,2488,109
2193,2292,62
2195,5169,167
2198,3098,260
2212,4251,162
2217,3445,175
2230,2283,173
2238,5538,107
2254,2378,152
2262,3826,209
2265,2774,143
2278,2415,152
2327,2777,257
2351,2967,165
2361,3097,49
2384,4725,47
2406,2588,179
2419,2731,52
2434,3944,86
2441,3062,89
2452,3724,85
2454,2688,250
2481,2722,221
2482,3373,230
2487,3141,121
2508,5036,73
2511,5167,121
2532,2733,75
2533,4973,148
2541,2714,95
2542,4052,28
2548,2660,211
2567,2624,195
2586,3684,36
2587,3060,17
2588,2877,188
2590,3071,250
2595,2995,114
2624,3601,262
2639,4165,25
2642,2962,64
2646,4445,221
2649,4741,45
2676,3336,190
2689,3788,38
2692,4045,33
2701,2881,23
2702,3684,24
2705,4678,161
2718,8205,44
2728,3244,129
2731,2844,187
2732,3178,219
2736,3263,147
2754,3851,15
2760,4147,8
2767,3219,103
2786,5852,126
2794,3962,105
2799,2981,178
2823,2890,262
2825,4888,121
2847,2923,172
2851,4743,197
2852,6563,255
2872,3154,46
2886,3475,196
2904,3794,216
2910,3405,43
2913,3925,234
2926,4064,71
2928,3685,206
2935,3050,111
2939,2970,241
2943,3206,17
2961,3163,222
2965,3202,73
2967,5187,121
2968,4637,26
2969,3425,243
2982,4734,62
2991,3474,50
3003,4210,149
3005,3142,155
3017,3968,21
3025,3376,238
3034,3731,189
3048,4680,198
3058,3245,31
3060,3438,108
3066,7132,116
3071,3440,203
3103,3986,12
3116,3607,55
3118,4272,256
3121,3661,5
3124,6335,110
3134,3242,226
3141,4559,20
3154,3582,197
3174,3648,122
3175,6002,261
3180,4305,126
3191,3358,5
3200,3822,250
3207,3289,202
3209,3471,63
3233,3281,234
3243,3976,47
3247,3932,168
3256,5190,249
3257,4724,250
3275,3791,44
3281,3573,57
3283,3300,189
3287,5164,262
3314,3734,2
3316,4852,84
3321,4041,61
3325,3636,177
3334,6570,209
3336,4026,222
3354,4018,5
3360,5186,38
3369,3385,90
3375,3536,93
3382,5390,167
3384,6641,60
3387,3457,25
3389,3703,207
3392,3702,106
3393,4567,94
3394,4118,262
3421,4643,160
3423,3682,111
3424,4139,186
3439,4636,131
3441,3739,181
3458,4047,54
3519,3661,151
3535,4364,222
3537,3597,131
3538,4021,182
3552,4902,210
3560,5419,204
3574,3769,22
3575,3800,81
3576,3794,110
3585,4210,219
3596,4580,3
3599,3779,78
3601,4454,71
3603,3877,255
3617,4941,221
3621,5348,154
3633,4304,74
3645,4126,173
3647,5331,224
3655,3895,186
3657,4086,101
3667,4348,60
3669,5164,20
3677,4868,263
3681,5319,51
3686,4846,189
3691,5667,170
3695,3952,216
3699,6627,136
3708,4330,256
3714,4112,171
3728,4325,159
3756,3993,206
3759,7417,133
3775,4030,11
3793,6456,251
3794,3850,181
3803,4663,120
3822,3934,253
3835,4625,114
3876,4988,126
3877,4559,155
3879,3903,258
3885,4111,64
3898,4511,147
3902,4472,258
3905,3921,127
3920,5050,97
3943,4756,223
3973,7778,185
3984,4803,182
3985,4099,170
4016,4363,74
4025,4346,0
4034,4345,201
4050,6721,192
4069,4969,165
4090,5621,126
4092,7020,131
4100,5007,147
4117,5212,234
4140,4572,122
4143,4490,200
4149,4512,98
4159,4442,160
4168,4888,64
4180,7176,134
4181,4283,237
4203,5724,232
4205,4262,249
4251,5630,75
4256,5970,211
4263,8480,178
4264,6079,194
4312,7798,247
4326,4350,239
4330,4828,92
4336,4942,227
4359,4883,241
4363,5206,66
4379,4497,256
4389,4586,51
4395,4795,62
4409,5117,20
4419,6999,88
4431,5716,102
4432,5499,211
4447,4755,68
4463,5035,79
4467,4665,127
4469,6151,42
4472,4945,256
4504,4745,133
4513,4527,176
4523,5358,244
4526,5302,212
4528,5165,225
4535,5324,169
4538,5217,209
4539,4751,197
4542,4874,14
4544,5344,213
4548,5315,74
4552,7719,248
4556,5647,231
4557,7038,216
4560,4893,249
4574,5779,210
4589,4732,5
4591,4766,258
4605,5676,207
4615,5165,223
4616,4935,248
4623,5099,85
4674,4731,128
4693,5346,11
4712,4714,22
4713,6306,17
4741,4913,76
4749,5082,62
4769,5372,162
4798,5773,162
4799,10691,77
4810,5038,72
4818,5091,100
4819,5142,184
4847,5662,123
4872,5160,256
4876,6280,152
4882,4899,93
4895,11026,165
4928,5515,258
4943,5820,204
4954,6077,1
4977,6445,210
4995,5365,100
4999,6047,114
5004,7259,111
5009,6636,7
5013,5040,165
5018,6903,32
5022,5144,18
5023,5657,223
5030,6433,22
5038,5856,171
5048,6473,182
5049,5795,107
5061,5073,245
5062,5402,29
5063,5452,78
5071,5468,117
5078,5134,79
5114,5455,135
5116,6109,201
5125,6196,87
5136,5521,63
5165,5577,12
5199,5360,66
5200,5794,58
5207,5801,3
5211,7536,20
5251,6266,45
5256,7133,59
5272,5461,24
5273,5408,240
5274,7428,5
5276,6474,226
5293,5989,16
5329,5863,251
5376,9481,70
5398,5646,238
5405,7362,99
5406,6792,40
5428,6991,34
5439,5585,136
5466,5590,30
5482,7792,41
5489,5525,251
5505,7214,250
5511,6366,198
5522,5694,145
5524,6687,55
5530,9822,239
5541,5912,58
5542,5591,169
5548,6035,131
5552,6493,174
5560,5848,135
5571,6742,212
5576,7884,99
5580,6158,133
5598,6030,36
5599,5633,100
5601,5703,172
5622,9851,195
5636,6401,53
5637,6646,180
5646,5801,75
5653,7078,201
5661,5880,12
5667,6103,59
5671,9099,226
5673,8477,166
5679,6438,203
5744,6787,129
5763,6930,17
5765,6130,47
5770,5885,154
5781,6013,47
5782,5784,90
5798,6654,19
5805,6061,173
5813,6325,177
5832,6865,217
5848,6849,140
5863,6187,61
5887,8775,12
5890,7804,250
5891,6108,172
5901,7466,160
5911,10673,258
5914,6011,40
5922,7349,234
5942,6852,184
5947,6262,22
5953,8248,259
5965,6192,57
5971,7089,233
5978,7348,141
5988,6031,222
6002,8080,48
6003,7180,66
6007,6318,158
6029,9113,31
6052,6368,70
6066,6250,32
6068,7142,188
6069,6814,15
6070,6564,63
6078,9052,71
6081,10218,32
6082,6272,151
6091,6104,133
6097,6125,8
6106,6387,236
6109,6967,172
6130,7723,194
6153,7379,82
6161,6359,105
6168,6845,48
6180,6512,123
6194,7854,67
6200,9980,133
6205,9453,53
6238,6328,78
6251,7101,10
6274,6852,185
6290,6649,39
6293,6410,121
6296,8800,136
6309,6475,158
6323,6736,11
6356,6591,208
6373,7213,67
6381,6555,164
6389,7776,94
6396,7337,185
6407,6812,132
6416,8207,230
6422,7535,112
6425,6522,242
6442,8021,120
6470,7222,193
6482,6746,162
6486,6488,141
6509,7588,162
6514,6908,37
6515,10615,155
6518,6970,81
6520,7804,49
6527,6834,240
6531,7425,249
6534,7746,246
6535,6901,90
6539,8238,210
6571,6694,87
6577,11760,184
6579,6582,53
6595,7928,240
6615,6708,91
6640,7083,206
6667,7020,52
6681,7177,218
6695,8519,173
6698,7862,104
6736,7088,54
6750,7814,126
6757,7803,179
6762,7138,215
6767,7783,66
6771,7267,185
6791,8166,84
6807,8333,185
6808,8179,117
6840,11990,44
6845,7437,67
6859,6906,66
6909,7409,193
6910,7843,37
6965,7550,81
6966,13784,189
6976,7428,189
6977,7367,57
6984,7136,208
6991,10043,46
7012,7041,182
7013,7231,55
7015,7403,3
7017,8141,27
7025,7619,151
7036,7723,50
7041,8735,51
7049,9532,185
7052,8777,114
7053,8701,217
7058,7761,145
7067,7289,74
7076,7825,118
7077,7279,88
7087,8879,229
7090,7102,123
7098,9159,175
7109,8001,148
7128,7568,129
7135,9205,226
7141,7828,0
7147,8950,160
7163,7503,20
7188,8186,256
7195,8328,167
7211,8013,223
7227,7295,98
7232,7255,135
7268,10039,149
7274,7365,114
7283,8256,71
7311,8137,25
7337,7991,118
7343,7629,250
7352,7484,154
7357,7431,132
7365,7900,35
7384,7978,174
7389,8819,182
7399,8308,261
7400,8182,85
7415,7919,219
7420,8827,234
7437,8533,75
7459,8681,155
7465,10299,23
7470,7608,28
7478,8781,78
7489,9297,78
7490,7660,158
7495,7565,228
7514,7744,133
7525,8908,102
7527,12749,166
7536,8048,57
7546,7632,242
7563,9127,152
7565,9504,76
7590,8750,189
7594,7941,185
7597,9001,42
7605,8650,38
7609,8296,200
7630,7694,110
7640,9994,105
7644,11001,247
7659,8416,180
7670,9418,225
7671,8469,186
7675,7698,83
7688,7810,245
7694,9285,85
7704,11362,144
7707,8343,110
7728,9145,158
7745,9468,210
7747,8576,157
7750,13928,79
7758,8194,0
7760,8294,9
7763,9813,198
7769,7805,200
7781,8086,159
7789,8236,127
7797,7807,229
7798,7990,98
7804,8461,262
7807,9273,56
7823,7914,215
7827,10121,236
7836,8665,103
7843,10383,129
7868,8442,34
7873,8259,239
7883,8133,24
7909,9386,56
7910,9764,230
7922,8490,175
7926,8060,226
7933,8109,27
7943,8728,240
7944,11391,149
7956,8314,92
7973,10588,169
7975,8970,202
7977,9266,98
8000,9208,172
8005,8882,180
8008,8168,228
8017,8884,125
8022,10072,22
8028,9084,145
8029,9222,74
8040,9098,66
8042,8443,89
8046,8168,135
8086,8668,208
8095,12621,239
8099,9519,141
8101,10623,254
8114,8431,86
8121,8617,208
8131,8377,187
8133,8153,180
8141,8742,68
8150,9619,161
8171,8419,7
8190,8746,90
8215,8420,22
8219,10150,152
8222,8727,146
8245,9286,104
8256,12849,53
8271,8383,225
8272,8598,213
8285,8526,220
8302,8466,28
8325,8363,32
8329,9347,144
8330,9210,112
8338,10521,258
8342,10830,19
8346,9349,213
8353,8363,83
8357,8542,100
8360,9277,46
8372,8524,106
8374,8878,236
8397,11305,204
8399,8467,198
8410,8796,164
8420,8793,69
8426,8622,51
8430,11157,132
8447,8698,124
8450,9937,94
8466,9390,8
8469,10225,162
8477,13087,74
8483,9147,253
8492,8616,107
8494,9300,130
8522,10129,100
8524,10236,252
8526,9395,150
8537,9645,99
8560,9967,5
8584,10057,222
8586,10267,254
8599,9823,147
8613,8940,175
8619,9239,255
8635,10601,7
8638,9406,214
8639,8693,170
8690,9069,22
8692,9221,104
8743,9071,96
8745,8905,228
8760,9050,57
8774,9251,238
8780,9183,116
8787,9211,118
8791,10573,166
8803,9325,149
8806,12219,96
8813,10581,257
8818,9483,25
8832,9227,61
8841,10867,74
8843,9102,161
8860,9798,142
8866,12700,188
8874,10224,152
8885,9378,170
8901,9101,22
8902,11264,253
8906,9383,120
8925,14419,48
8935,9975,226
8938,9392,218
8947,9824,74
8955,9060,194
8985,9272,19
8993,9074,88
9020,9683,143
9056,9086,168
9058,9665,192
9060,10037,213
9079,9554,46
9090,10431,225
9096,9350,99
9097,10682,131
9105,10826,176
9108,9591,7
9115,9486,13
9139,9342,24
9140,13080,16
9151,9424,118
9159,9961,58
9161,9432,8
9163,10017,22
9192,10365,160
9204,10448,30
9218,11910,43
9219,10102,161
9256,10085,196
9274,9374,105
9276,10050,144
9310,9705,157
9330,9566,205
9331,10213,225
9367,9627,150
9368,9865,148
9382,10662,254
9384,11028,263
9387,9761,60
9395,9580,90
9409,9936,246
9410,10005,157
9424,9590,34
9431,11187,243
9455,9959,150
9458,9775,75
9460,10963,143
9476,9972,130
9496,10533,4
9501,12892,81
9507,9564,52
9508,11180,53
9510,11492,142
9532,10004,121
9544,9970,44
9565,9634,18
9573,10447,59
9578,9741,139
9581,10080,82
9582,10840,95
9583,10084,64
9585,9761,254
9589,9909,90
9604,9754,69
9609,9941,79
9619,11110,114
9621,10067,225
9631,11522,56
9640,10048,82
9641,10127,14
9649,11325,53
9661,10008,170
9667,10456,209
9670,9791,74
9674,11308,108
9676,10895,133
9680,13609,88
9682,10630,142
9684,10452,82
9703,10627,211
9707,10006,61
9710,10017,38
9711,10590,238
9721,9951,202
9732,10037,80
9738,11333,161
9744,11293,177
9747,10061,87
9762,11140,146
9779,10622,206
9782,11535,189
9786,10313,8
9799,11628,10
9810,16331,66
9817,11875,184
9836,10476,221
9839,12545,47
9840,11166,125
9845,10634,178
9848,10083,156
9885,12111,89
9907,11235,233
9919,10888,2
9925,11325,256
9949,10533,96
9959,10348,117
9965,10024,124
9968,11240,260
9969,10418,104
9980,10283,213
9998,10524,225
9999,10348,23
