0,39,43
3,107,7
11,617,27
13,476,120
22,856,221
31,1293,164
34,2550,167
38,361,99
50,2422,118
53,2378,194
74,360,2
87,432,59
90,340,133
101,182,209
106,257,61
107,188,216
109,1159,128
115,333,101
120,364,238
122,619,81
124,1925,21
131,237,48
149,308,174
159,1079,258
162,2251,144
174,197,62
184,365,47
195,1430,145
199,1430,42
232,1548,62
235,622,248
239,281,151
268,316,180
289,710,182
294,565,193
303,5495,187
310,312,11
311,602,246
339,1242,256
340,944,154
358,1267,216
360,2160,148
379,1106,46
402,2285,24
415,4361,255
416,3245,142
439,648,227
442,6212,86
446,1467,18
465,590,55
467,1366,256
475,1856,154
485,632,2
486,2905,60
488,2439,193
505,548,103
508,3476,37
509,3495,190
523,4359,50
541,679,212
557,2778,140
565,1921,82
584,1245,192
590,930,44
618,854,20
620,1078,108
630,1161,196
635,1255,118
642,1044,122
645,978,40
650,1002,239
651,1670,218
652,1781,55
674,1104,104
685,2234,34
694,988,71
720,1038,207
731,3313,205
758,1820,225
767,1028,103
777,2247,96
809,1084,170
816,2272,113
830,1722,255
840,2417,10
841,1275,14
869,1501,27
887,4029,214
891,1469,234
896,1095,227
915,1118,180
970,1620,99
972,1202,230
987,1287,91
988,1516,136
1005,1640,17
1013,1029,100
1016,3692,153
1019,1848,67
1029,1710,39
1034,1200,21
1044,1245,103
1053,3655,14
1106,1930,188
1109,1710,28
1147,2165,103
1150,1956,75
1157,3705,42
1163,1347,201
1164,2565,72
1177,2150,92
1178,2067,36
1191,3321,159
1192,1365,74
1193,2293,29
1206,1782,204
1255,2151,159
1256,2225,94
1258,1498,153
1276,1772,224
1283,1974,14
1285,1461,88
1287,1359,140
1299,1726,101
1303,1413,182
1330,1644,214
1338,3272,114
1343,1757,77
1346,1369,53
1352,1654,143
1379,2784,81
1394,1438,29
1396,2098,45
1429,2371,212
1467,2120,77
1483,1608,185
1491,1798,30
1524,2432,258
1530,2129,26
1557,4936,161
1573,1706,220
1587,3561,141
1617,4156,82
1637,2497,159
1638,2172,63
1645,2845,68
1691,1711,2
1712,2434,69
1724,2282,164
1726,2455,154
1759,3271,170
1769,2449,54
1782,1839,105
1783,3795,69
1824,2803,113
1825,2499,210
1869,2118,63
1871,2101,207
1875,4680,200
1890,2071,70
1912,2335,212
1924,3209,197
1986,2131,59
1992,4213,150
2004,2030,74
2020,3343,218
2045,3017,190
2046,2977,108
2055,5575,167
2068,3267,221
2081,2175,125
2094,2519,263
2105,4052,220
2108,3586,230
2127,6118,51
2134,4270,124
2144,2217,20
2149,2605,246
2150,2203,91
2160,4035,193
2193,2294,58
2202,2584,144
2213,2466,257
2243,2338,55
2249,3444,232
2256,5398,235
2258,2821,184
2270,3318,194
2273,3951,111
2298,2796,163
2307,2783,238
2354,2565,198
2365,3289,158
2368,5872,116
2381,3325,115
2387,2622,85
2392,8592,47
2412,4965,14
2414,2691,9
2421,2721,189
2426,2525,174
2428,5402,95
2431,3331,220
2446,4485,68
2451,3679,9
2465,2518,107
2474,5774,85
2492,2616,77
2501,4065,229
2504,3013,182
2519,2656,124
2574,3024,103
2601,3217,62
2612,3348,45
2638,4979,225
2662,2844,235
2677,2989,63
2694,4204,64
2701,3322,130
2713,3985,86
2715,2949,261
2745,2986,190
2746,3637,145
2751,3405,140
2774,5302,101
2778,5434,164
2801,3002,43
2802,5242,119
2810,2983,245
2811,4321,129
2817,2929,59
2838,2895,84
2859,3957,184
2860,3333,173
2861,3150,200
2863,3344,112
2869,3269,213
2901,3878,19
2918,4444,105
2921,3241,81
2926,4725,43
2929,5021,215
2959,3619,105
2973,4072,117
2976,4329,217
2986,3166,3
2987,3969,244
2990,4963,189
3005,8492,31
3016,3532,257
3019,3132,5
3020,3466,216
3024,3551,79
3043,4140,78
3050,4437,3
3058,3510,49
3079,6145,4
3087,4255,85
3092,3274,186
3119,3186,87
3121,5184,256
3145,3221,170
3150,5042,165
3151,6862,152
3173,3455,81
3189,3778,165
3209,4099,178
3216,3711,217
3220,4232,163
3235,4373,244
3237,3994,150
3245,3360,56
3249,3280,71
3254,3517,62
3273,3475,207
3277,3514,254
3279,5499,213
3280,4949,163
3281,3737,98
3295,5047,118
3304,3787,242
3317,4524,96
3319,3456,124
3332,4283,29
3341,3692,81
3351,4048,196
3367,4999,24
3378,3565,61
3380,3758,146
3386,7452,122
3392,3761,69
3427,4310,124
3441,3932,234
3443,4597,151
3446,3986,183
3450,6661,37
3461,3569,241
3469,4887,166
3483,3911,211
3505,3979,9
3507,6334,168
3513,4638,236
3525,3692,8
3534,4156,241
3542,3624,212
3544,3806,218
3571,3619,242
3582,4315,221
3586,4271,18
3596,5530,191
3597,5064,133
3617,4133,262
3623,3915,66
3626,3643,148
3631,5508,215
3661,4081,200
3663,5199,121
3668,4388,12
3673,3984,91
3683,6919,212
3685,4375,229
3705,4369,93
3712,5538,7
3722,3738,163
3729,3890,20
3737,5745,2
3739,6996,116
3742,3812,61
3744,4058,248
3747,4057,95
3748,4922,218
3749,4473,129
3779,5001,31
3781,4040,254
3782,4497,213
3798,4995,48
3801,4099,57
3820,4409,157
3888,4030,41
3906,4735,247
3908,3968,183
3909,4392,24
3925,5275,1
3934,5793,168
3949,4144,33
3950,4175,220
3951,4169,248
3961,4586,202
3974,4958,158
3977,4157,229
3979,4832,88
3981,4255,163
3996,5320,221
4000,5727,76
4013,4684,257
4026,4507,225
4028,5712,76
4037,4277,202
4039,4468,45
4050,4731,97
4052,5547,74
4060,5251,110
4065,5703,193
4070,5230,6
4075,6051,20
4079,4336,47
4084,7012,164
4094,4716,228
4101,4499,22
4116,4713,248
4148,4385,251
4151,7809,201
4168,4423,221
4188,6851,204
4190,4246,237
4200,5060,255
4221,4333,190
4236,5026,5
4282,5394,94
4283,4965,66
4285,4309,134
4292,4518,237
4306,4919,141
4310,4880,236
4314,4330,228
4331,5461,11
4356,5169,27
4390,8195,43
4403,5222,128
4404,4518,9
4438,4785,135
4448,4769,46
4458,4769,185
4476,7147,222
4497,5397,241
4520,6051,137
4522,7450,74
4531,5438,172
4550,5645,60
4576,5008,207
4579,4926,177
4585,4948,197
4596,4879,42
4606,5326,49
4619,7615,40
4620,4722,70
4645,6166,130
4647,4704,109
4699,6078,62
4704,6418,167
4712,8929,260
4713,6528,162
4767,8253,175
4783,4807,173
4788,5286,107
4794,5400,152
4820,5344,209
4825,5668,143
4843,4961,152
4854,5051,257
4861,5261,165
4877,5585,49
4888,7468,47
4901,6186,179
4902,5969,52
4918,5226,86
4935,5507,89
4940,5138,85
4942,6624,250
4945,5418,221
4981,5222,230
4991,5005,121
5002,5837,73
5005,5781,121
5007,5644,75
5015,5804,148
5019,5698,95
5020,5232,28
5023,5355,211
5025,5825,195
5029,5796,36
5033,8200,17
5038,6129,188
5040,7521,250
5043,5376,114
5058,6263,262
5074,5217,25
5076,5251,64
5091,6162,221
5102,5652,45
5103,5422,190
5111,5587,38
5167,5224,33
5188,5841,23
5209,5211,24
5210,6803,161
5241,5413,44
5249,5582,129
5271,5874,187
5303,6278,219
5304,11196,147
5316,5544,15
5325,5598,8
5326,5649,103
5357,6172,126
5385,5673,105
5389,6793,178
5396,5413,262
5410,11541,121
5447,6034,172
5464,6341,197
5476,6599,255
5502,6970,46
5522,5892,196
5527,6575,216
5533,7788,43
5538,7165,234
5543,5570,71
5549,7434,206
5553,5675,111
5555,6189,241
5562,6965,17
5571,6389,222
5582,7007,73
5583,6329,121
5596,5608,26
5597,5937,243
5598,5987,62
5607,6004,50
5615,5671,149
5655,5996,155
5658,6651,21
5668,6739,238
5680,6065,189
5712,6124,198
5749,5910,31
5750,6344,108
5757,6351,116
5762,8087,203
5807,6822,12
5813,7690,55
5830,6019,256
5832,5967,5
5833,7987,110
5835,7033,226
5854,6550,20
5894,6428,197
5947,10052,122
5972,6220,261
5979,7936,126
5980,7366,5
6004,7567,250
6016,6162,202
6045,6169,63
6063,8373,234
6071,6107,47
6089,7798,168
6096,6951,249
6108,6280,250
6110,7273,44
6117,10409,57
6129,6500,189
6130,6179,262
6137,6624,2
6141,7082,84
6149,6437,61
6161,7332,177
6167,8475,209
6171,6749,222
6190,6622,5
6191,6225,38
6193,6295,90
6217,10446,93
6233,6998,167
6234,7243,60
6244,6399,25
6252,7677,207
6261,6480,106
6267,6703,94
6271,9699,262
6273,9077,160
6280,7039,111
6353,7396,186
6374,7541,131
6377,6742,181
6383,6498,54
6395,6627,151
6396,6398,222
6414,7270,131
6422,6678,182
6431,6943,210
6453,7486,204
6470,7471,22
6486,6810,81
6512,9400,110
6516,8430,219
6517,6734,3
6528,8093,78
6539,11301,71
6543,6640,255
6552,7979,221
6575,7485,154
6580,6895,74
6586,8881,173
6600,6827,224
6606,7724,186
6614,7984,101
6625,6668,60
6640,8718,20
6641,7818,263
6645,6956,51
6669,9753,189
6695,7011,170
6711,6895,216
6713,7787,136
6714,7459,256
6715,7209,171
6724,9698,159
6728,10865,206
6729,6919,133
6739,6752,11
6746,6774,251
6756,7037,181
6759,7617,120
6783,8376,253
6809,8035,114
6818,7016,126
6825,7502,155
6839,7171,258
6855,8515,64
6861,10641,147
6867,10115,258
6904,6994,127
6918,7768,97
6943,7521,223
6961,7320,185
6965,7082,182
6968,9472,170
6983,7149,74
6998,7411,0
7034,7269,201
7052,7892,192
7061,7235,165
7070,8457,126
7078,8019,131
7090,7495,147
7100,8891,234
7107,8220,122
7111,7208,200
7130,8709,98
7161,7913,160
7174,7438,64
7179,7181,134
7205,8284,237
7210,7604,232
7211,11311,249
7214,7666,75
7216,8500,211
7224,7531,178
7228,8122,194
7231,8443,247
7232,7598,239
7236,8935,92
7271,7394,227
7278,12461,241
7280,7283,66
7298,8631,256
7320,7413,51
7348,7791,62
7378,7731,20
7393,7889,88
7408,9232,102
7412,8576,211
7454,7806,68
7469,8533,79
7476,8522,127
7482,7858,42
7488,8504,256
7492,7988,133
7514,8889,176
7532,9058,244
7533,8904,212
7569,12719,225
7575,8167,169
7590,7637,209
7646,8146,197
7647,8580,14
7708,8293,213
7709,14527,74
7720,8172,248
7721,8111,231
7729,7881,216
7736,10788,249
7760,7789,210
7761,7979,5
7763,8151,258
7765,8889,207
7774,8368,223
7786,8473,248
7792,9486,85
7801,10284,128
7804,9529,11
7805,9453,22
7811,8514,17
7821,8043,76
7831,8580,62
7832,8034,162
7843,9635,162
7846,7858,77
7855,9916,72
7867,8759,100
7888,8328,184
7896,9966,123
7902,8589,256
7909,9712,152
7926,8266,93
7954,8952,165
7961,9094,258
7979,8781,204
7996,8064,1
8002,8025,210
8042,10813,100
8049,8140,114
8059,9032,111
8090,8916,7
8119,8773,165
8125,8411,32
8135,8267,18
8140,8214,223
8149,8684,22
8170,8764,171
8175,9605,182
8186,9095,107
8187,8969,245
8203,8707,29
8209,9616,78
8227,9323,117
8251,9473,79
8258,11092,135
8264,8402,201
8273,9576,87
8285,10093,63
8286,8456,12
8291,8361,66
8312,8542,58
8324,9707,3
8326,13548,20
8335,8847,45
8347,8433,59
8366,9930,24
8368,10307,240
8396,9556,5
8400,8747,226
8403,9807,16
8412,9457,251
8417,9104,70
8440,8504,238
8451,10805,99
8455,11812,40
8472,9229,34
8484,10232,136
8485,9283,30
8489,8512,41
8503,8625,251
8509,10100,250
8521,12179,198
8524,9160,145
8548,9965,55
8567,10290,239
8569,9398,58
8573,14751,169
8582,9018,131
8584,9118,174
8588,10638,135
8595,8631,212
8608,8913,99
8617,9064,133
8626,8636,36
8627,8819,100
8634,9291,172
8638,10104,195
8656,8747,53
8660,10954,180
8670,9499,75
8677,11217,201
8705,9279,12
8710,9096,59
8721,8971,226
8750,10227,166
8751,10605,203
8765,9333,129
8769,8903,17
8776,8952,47
8787,9572,154
8788,12235,47
8801,9159,90
8820,11435,19
8822,9817,173
8824,10113,177
8850,10058,217
8855,9732,140
8859,9019,61
8869,9736,12
8875,10925,250
8882,9938,172
8883,10076,160
8895,9953,258
8897,9298,40
8901,9023,234
8946,9528,184
8956,13482,22
8961,10381,259
8963,11485,57
8978,9295,233
8985,9481,141
8996,9242,222
8998,9018,48
9007,9608,66
9016,10485,158
9039,9287,31
9060,9616,70
9088,9293,32
9092,11023,188
9095,9600,15
9120,10161,63
9132,13725,71
9148,9260,32
9149,9475,151
9163,9404,133
9182,9346,8
9208,9246,236
9213,10231,172
9214,10094,194
9223,11406,82
9227,11715,105
9231,10234,48
9239,9249,123
9243,9428,67
9246,10163,133
9259,9411,53
9261,9765,78
9286,12194,10
9288,9356,185
9300,9686,39
9311,9684,121
9317,9513,136
9321,12048,158
9340,9591,11
9343,10830,208
9361,10285,67
9364,11120,164
9373,13983,94
9380,10044,185
9390,9514,132
9392,10198,230
9423,11030,112
9425,11137,242
9427,10296,120
9439,10547,193
9464,10871,162
9491,10964,141
9493,11174,162
9508,10732,37
9524,9851,155
9530,10150,81
9548,11514,49
9552,10320,240
9553,9607,249
9609,9988,246
9611,10140,90
9667,9995,210
9670,9830,87
9687,9977,184
9703,10180,53
9709,10112,240
9717,10141,91
9722,11504,206
9736,10258,52
9739,13152,218
9747,11515,173
9752,10417,104
9767,10162,54
9777,11803,126
9779,10038,179
9798,10736,215
9805,13639,66
9814,11164,185
9826,10319,84
9844,10044,185
9845,12207,117
9850,10327,44
9872,15366,67
9883,10923,66
9887,10341,193
9897,10774,37
9906,10011,81
9940,10227,189
9948,10029,189
9978,10641,57
